1	10	0.6235190211
1	21	0.6856122288
1	49	0.0917604748
1	92	0.1744542574
1	105	0.4977781687
106	1	0.3685297555
1	153	0.2954056049
5	2	0.3560454664
7	2	0.2977070552
16	2	0.1214947194
30	2	0.3494782020
40	2	0.5758563350
44	2	0.3385264094
69	2	0.0721846009
71	2	0.7844358622
76	2	0.1955835456
79	2	0.3941040168
83	2	1.0763076014
86	2	0.2707382499
2	89	0.3908984600
90	2	0.3009838788
91	2	0.5387213942
95	2	0.7530686672
106	2	0.9372715204
108	2	0.9577870415
127	2	0.2535349546
154	2	0.8216248533
158	2	0.6686110460
160	2	0.3268330400
3	11	0.5559785207
18	3	0.2226656738
3	44	0.1997596255
51	3	0.0419478991
3	60	0.2028581123
79	3	0.0250811866
83	3	0.1691309705
3	85	0.1011742642
3	89	0.7599212902
91	3	0.1696985640
106	3	0.5682486902
131	3	0.2313715153
3	140	0.0382515087
3	145	0.1233252468
146	3	0.2736381436
3	155	0.0726079821
3	157	0.1782340639
3	158	0.0694346144
3	167	0.4002374144
18	4	0.4008169749
57	4	0.3866365298
83	4	0.4586151085
119	4	0.2436366877
133	4	0.5150434736
141	4	0.2378556843
142	4	0.5026287103
158	4	0.2547668308
6	5	0.0572027368
5	7	0.0583384112
5	11	0.5430011568
5	22	0.5812240126
5	27	0.0509018900
5	37	0.2664961660
5	42	0.1744048941
5	46	0.4259259247
5	52	0.3313746928
5	54	0.6538666867
67	5	0.1531679139
68	5	0.3158553816
71	5	0.0361724647
73	5	0.1686807709
75	5	0.6289258593
79	5	0.0761171008
81	5	0.0107634508
83	5	0.3642166687
5	85	0.1763938007
5	86	0.1706144329
5	90	0.0550615876
95	5	0.3970232009
5	97	0.0419054491
5	102	0.1512127761
106	5	1.1624521080
108	5	0.2456961087
113	5	0.2342599696
115	5	0.1229837099
124	5	0.0725783895
5	128	0.4870803977
129	5	0.2758505802
134	5	0.0605813353
5	141	0.0386510899
148	5	0.0606245802
154	5	0.9311587738
5	158	0.0217399434
5	160	0.1926289464
162	5	0.1960407540
170	5	0.3766648340
179	5	0.2265175905
5	180	0.3397642334
5	182	0.0569023235
38	6	0.1039481869
6	52	0.3885774296
68	6	0.5745080264
73	6	0.2801588051
74	6	0.4966619843
75	6	0.6003244909
79	6	0.0189143640
83	6	0.3070139319
6	84	0.6330062034
95	6	0.7368436650
106	6	0.5526246856
108	6	0.1884933720
124	6	0.0439770212
129	6	0.4944984236
147	6	0.1797949706
148	6	0.0640464237
154	6	0.4369780185
17	7	0.1055565071
7	23	0.0128356699
27	7	0.0074365212
28	7	0.3434384815
30	7	0.0517711468
35	7	0.2389109092
7	47	0.0982590150
51	7	0.2265273483
59	7	0.2475854649
7	60	0.2630846745
61	7	0.2441095513
7	62	0.4005244851
64	7	1.0198321937
7	66	0.1121955208
68	7	0.3741937928
79	7	0.0963969616
83	7	0.4808934911
7	85	0.0597169784
90	7	0.0065536472
91	7	0.2410143390
7	94	0.3422543168
95	7	0.4553616121
7	100	0.2338428594
7	103	0.2216802413
106	7	0.6395644652
108	7	0.3623729311
7	114	0.0383866447
116	7	0.0253498914
7	127	0.0883442012
133	7	0.2968751106
137	7	0.2921728589
141	7	0.0393746427
7	150	0.8685888578
154	7	0.5239177981
156	7	0.2667728614
158	7	0.0365984678
7	160	0.1342905352
168	7	0.1975354010
169	7	0.5599004247
170	7	0.2466708282
7	172	0.3594461143
7	175	0.1259573024
7	177	0.0279115881
8	22	0.6880308034
28	8	0.7011788809
33	8	0.0394800466
8	36	0.0669157988
8	54	0.1794494649
8	77	0.2056951667
8	78	0.0232748861
81	8	0.2425903363
95	8	1.2684636235
97	8	0.2162558864
101	8	0.2401139367
108	8	0.3600566653
139	8	0.2882062720
8	150	0.6897186581
154	8	0.7027879978
162	8	0.8664987297
179	8	0.9274524029
9	26	0.0037844274
28	9	0.0824044635
34	9	0.5693193943
38	9	0.1015731892
9	66	0.2015102981
70	9	0.1901971634
96	9	0.3508449178
99	9	0.1079470771
9	104	0.0398615927
109	9	0.3227881646
113	9	0.2032836035
9	114	0.2554028440
9	125	0.0313652413
9	152	0.1101485136
9	171	0.3066254949
178	9	0.0203404386
10	14	0.0489315796
10	20	0.2423915632
10	21	0.0620932077
10	31	0.3485432002
49	10	0.4399980716
10	56	0.2223390657
64	10	0.5506408977
83	10	0.2811715464
10	84	0.1888385213
92	10	0.2746105063
93	10	0.6222090890
97	10	0.0781104875
10	105	0.3720373164
10	120	0.4073967183
10	122	0.1175441872
10	130	0.4505858688
10	132	0.7850331504
136	10	1.0278964371
143	10	0.0194649055
153	10	0.3281134162
18	11	0.6673113576
30	11	0.5364338925
44	11	0.3562188952
46	11	0.2341504643
47	11	0.3864037307
79	11	0.5810597072
81	11	0.5483828823
82	11	0.6812866322
83	11	0.7251094912
85	11	0.9096085129
91	11	0.7256770847
102	11	0.4673947688
108	11	0.6658492112
117	11	0.5189938526
131	11	0.7873500360
140	11	0.5177270119
154	11	1.0085805437
155	11	0.4833705386
157	11	0.3777444568
158	11	1.0425224269
161	11	0.4766079016
180	11	0.2032369235
12	23	0.7679255977
12	28	0.5897885221
12	30	0.7097366160
12	39	1.2850687616
12	47	0.8597667778
12	51	0.6482440886
12	52	0.8688566980
12	57	0.7863578609
12	64	0.2515916660
12	66	0.8737032836
12	71	0.6669968869
12	79	0.6651108012
12	93	0.4911280192
12	97	0.7241220762
12	113	0.4689093820
12	115	1.2833549934
12	124	0.6305909621
12	130	1.2528184325
12	141	0.7418204415
12	146	0.8331076883
12	154	0.2375899647
12	156	0.9894698027
12	158	0.7249092950
12	161	0.7695626068
12	163	0.5044100817
12	164	0.4959283647
12	166	0.5663714395
12	170	1.0296738693
12	174	1.2830850202
34	13	0.4006816648
35	13	0.1305545343
38	13	0.0345086489
13	39	0.1093205200
13	58	0.1584181047
59	13	0.1479036458
64	13	0.6725649096
70	13	0.1058782986
74	13	0.3232742594
83	13	0.0668131035
13	90	0.1703568185
93	13	0.0967461016
108	13	0.0075528235
13	124	0.0854336826
147	13	0.1862022163
13	148	0.0546706506
164	13	0.1838915122
166	13	0.0215026813
13	173	0.7998746232
14	21	0.0065808141
14	31	0.2996116206
49	14	0.2444648256
14	56	0.1734074861
80	14	0.1800476260
92	14	0.3235420858
14	105	0.3231057368
14	120	0.3829309285
14	122	0.0343063038
14	130	0.4261200790
14	132	0.7361015708
143	14	0.0439306953
14	149	0.4587522726
15	40	0.0622800436
15	42	0.1627303836
91	15	0.3770263662
131	15	0.5003722688
15	160	0.3735833823
15	173	0.2788048255
37	16	0.0576038814
40	16	0.4543616156
16	69	0.0493101185
71	16	0.6629411428
76	16	0.0370444131
91	16	0.4779740345
95	16	0.6923213075
106	16	0.8765241607
121	16	0.5088713224
156	16	0.5037325569
169	16	0.5169099078
184	16	0.3825204952
17	20	0.3358946176
17	33	0.4238168598
17	47	0.1510372685
17	48	0.6612215422
17	50	0.6234762689
17	63	0.2744414012
17	65	0.9585153300
17	77	0.4373436200
83	17	0.3753369840
17	84	0.5646831513
17	85	0.1652734854
17	86	0.1594941175
91	17	0.1882360855
17	94	0.3950325703
17	97	0.0153925669
106	17	0.5867862116
17	117	0.0368942931
17	119	0.0546198576
17	121	0.0353022878
17	126	0.2766084190
17	127	0.1939007082
133	17	0.4881937142
134	17	0.0661414930
139	17	0.0565578188
17	141	0.0330909322
17	150	0.9213671113
17	165	1.0830465386
168	17	0.1447571474
18	23	0.1890664469
18	25	0.3813399362
18	27	0.1752120908
18	46	0.5502361254
18	50	0.7533466273
18	51	0.0693849378
18	57	0.2074987100
18	66	0.5896882656
18	76	0.7651277886
18	82	0.6533360830
83	18	0.0577981336
18	85	0.2125071011
18	89	1.7425082543
91	18	0.1167314542
93	18	0.1754622634
96	18	0.1641772484
18	98	0.3858037565
18	117	0.1483175049
131	18	0.1200386784
18	135	0.0494704066
18	144	0.4970322272
18	152	0.1484080915
156	18	0.0841242495
18	157	0.5791338017
18	158	0.2921002883
163	18	0.0744490692
166	18	0.0124877114
18	167	1.0231405026
18	173	0.4089522815
18	176	0.3614689108
18	180	0.4640744341
183	18	0.1326797710
33	19	0.0385226577
19	41	0.1414932245
19	65	0.2288265774
83	19	0.4380995796
19	87	0.2330461359
97	19	0.2350385207
122	19	0.1963118792
19	126	0.0261773314
154	19	0.7215706321
60	20	0.3031480536
84	20	0.1071060839
85	20	0.2532578749
95	20	0.7384779761
106	20	0.9226808293
119	20	0.3085846888
127	20	0.2389442635
136	20	1.2702880003
141	20	0.3028036854
144	20	0.2172488624
20	149	0.2408264992
49	21	0.2510456396
21	56	0.0801229290
92	21	0.1683518570
106	21	0.7113358699
153	21	0.1951033120
28	22	0.6946048422
33	22	0.3637554250
35	22	1.5235930211
36	22	0.2770996029
39	22	0.6418589834
64	22	1.0328016982
77	22	0.1383202350
83	22	0.7633323469
86	22	0.4959167962
95	22	0.9782472134
106	22	1.1624500666
108	22	0.7040720670
130	22	0.0315749317
134	22	1.2836106958
22	150	0.3457032564
154	22	1.0468033995
163	22	0.7799832825
168	22	0.7204210023
170	22	0.7695564296
184	22	0.6684464011
23	25	0.1922734893
30	23	0.1163779635
23	40	0.0067221055
51	23	0.2393630182
23	57	0.0368645262
61	23	0.5010547724
23	66	0.2115553718
70	23	0.2859297756
71	23	0.1009287108
23	76	0.1934974474
23	98	0.3934746192
23	100	0.2210071895
23	107	0.3608941033
113	23	0.2990162157
115	23	0.2524962021
116	23	0.0381855612
138	23	0.4908916319
23	144	0.0594496667
146	23	0.3513717536
23	161	0.0032740181
23	165	1.0238504501
169	23	0.5727360945
170	23	0.5061773262
23	177	0.0214937531
28	24	0.2481158281
34	24	0.9007421235
24	52	0.0309523479
58	24	0.1708211770
68	24	0.4505903801
75	24	0.7636608578
83	24	0.3168433329
95	24	1.0635163988
96	24	0.6822676470
99	24	0.4393698063
104	24	0.2915611366
106	24	0.7159610525
108	24	0.2575830529
109	24	0.3271054469
124	24	0.2073133881
125	24	0.3000574880
129	24	0.4105855787
152	24	0.2212742156
159	24	0.5823451314
162	24	0.6615515050
168	24	0.2739319883
171	24	0.0123986172
178	24	0.3721036065
179	24	0.3612525891
40	25	0.3778248731
81	25	0.5248229217
96	25	0.4634285604
119	25	0.2241596490
144	25	0.2656476451
154	25	0.7226091223
25	174	0.3228859331
177	25	0.1707797362
34	26	0.2884441245
96	26	0.3584137725
99	26	0.1155159319
26	101	0.0242866129
26	104	0.0322927379
109	26	0.3303570194
26	114	0.2478339893
26	125	0.0237963865
159	26	0.2584912569
168	26	0.2240101021
26	171	0.2990566401
178	26	0.0482497320
27	37	0.2155942759
27	40	0.0172154088
27	42	0.0726011140
27	57	0.0645732384
27	62	0.4079610063
27	63	0.2290996688
81	27	0.0562836155
91	27	0.4671556358
116	27	0.0052384245
27	127	0.1032172435
133	27	0.2894385895
142	27	0.5540476524
154	27	0.5164812769
168	27	0.1900988798
27	172	0.1871595783
35	28	0.0671916684
38	28	0.0191687257
28	39	0.1054917175
28	47	0.5399565115
28	52	0.5581363520
28	57	0.1965693388
28	58	0.0772946511
59	28	0.1517324483
64	28	0.6763937122
28	66	0.2839147616
67	28	0.0795741687
68	28	0.4049491041
28	71	0.1544167297
74	28	0.1635515310
75	28	0.5155450297
28	79	0.0753222792
83	28	0.1374550096
28	84	0.4012825629
28	85	0.2015777299
93	28	0.0986605029
95	28	0.5672847426
96	28	0.0930179954
28	97	0.2686671082
106	28	0.4678452244
108	28	0.0189344496
113	28	0.2417582800
28	124	0.0408024400
129	28	0.3249395012
28	130	0.6630299104
28	141	0.3040638389
146	28	0.3464693558
147	28	0.1900310189
28	148	0.1055124987
154	28	0.7043971147
28	155	0.3460228957
28	158	0.2702415459
162	28	0.0826599244
164	28	0.1877203147
28	174	0.6932964981
179	28	0.2262735220
29	33	1.3992870543
29	35	0.6032048832
29	84	0.7700766729
29	108	0.3593268852
29	122	0.6400102452
29	134	0.4215936043
29	154	0.0165955527
29	184	0.7899051021
38	30	0.1391168196
30	50	0.6224691622
51	30	0.1229850547
61	30	0.3846768089
30	66	0.3279333353
30	69	0.3133859015
93	30	0.4372171936
30	98	0.5098525827
30	100	0.3373851531
30	103	0.1626112675
30	107	0.8381661701
111	30	0.0170168951
113	30	0.2408272339
115	30	0.0680591193
30	116	0.0390962011
156	30	0.2150017146
30	158	0.0303453580
30	161	0.1196519817
163	30	0.4106530687
166	30	0.2867303530
169	30	0.4563581310
170	30	0.1948996813
30	172	0.4629884080
30	173	0.5561496327
30	175	0.2294995961
30	177	0.0796827349
35	31	0.4539073101
56	31	0.1262041345
83	31	0.4554431465
92	31	0.6231537065
97	31	0.2523820876
31	105	0.0117470581
106	31	0.8545608661
31	120	0.2331251182
31	130	0.2763142687
143	31	0.1937365056
31	149	0.6178929246
153	31	0.3383283082
163	31	0.4720940821
184	31	0.7211144013
96	32	0.3185600845
99	32	0.1971111642
152	32	0.1761267377
162	32	0.3082020135
33	36	0.0866558221
39	33	0.2781035584
33	45	0.5719321953
47	33	0.0608711614
33	65	0.5346984701
33	78	0.0860298189
80	33	0.2739872117
83	33	0.3995769219
86	33	0.2643227423
33	87	0.5431375870
95	33	0.6144917884
101	33	0.4407478267
106	33	0.7986946416
122	33	0.1192665639
134	33	0.5560998458
33	150	0.7094586814
154	33	0.6830479745
168	33	0.3566655773
184	33	0.3046909761
34	38	0.3661730159
34	39	0.2550010924
34	51	0.5214216005
34	58	0.5590997695
34	59	0.1263890095
64	34	0.2718832448
68	34	0.0002193184
34	93	0.2071894616
34	96	0.2184744766
34	99	0.4613723172
34	104	0.6091809870
34	109	0.2465312297
34	110	0.1122391915
34	113	0.0813760937
34	115	0.2541442083
34	116	0.3612995288
34	123	1.0952254373
34	125	0.3003423178
34	147	0.1072397242
34	152	0.6794679079
34	159	0.3183969922
34	162	0.2391906186
34	164	0.1083950763
34	168	0.3528781470
34	170	0.1273036463
34	171	0.8759448892
34	178	0.5286385171
35	38	0.0960458854
35	39	0.1199375272
35	52	0.3462598444
64	35	0.5420103754
68	35	0.1352828836
35	73	0.0118917270
74	35	0.1927197251
83	35	0.0015358364
95	35	0.2164507029
106	35	0.4006535560
35	108	0.1154488872
35	116	0.2262359635
35	134	0.2399823253
35	135	0.1619950011
35	145	0.5818407620
147	35	0.0556476820
35	159	0.0482698617
35	168	0.0827510164
35	173	0.4652145787
35	182	0.2374748215
39	36	0.3647593805
36	45	0.9705527463
36	77	0.1387793679
78	36	0.0872818254
106	36	0.8853504637
134	36	0.3647057450
139	36	0.7102441416
36	150	0.6228028593
168	36	0.4433213995
42	37	0.3585874378
37	50	0.7250805211
51	37	0.3214214289
79	37	0.6091094327
81	37	0.5437557827
83	37	0.8972090006
90	37	0.2114345783
95	37	0.6635193668
102	37	0.3817795558
115	37	0.3279880209
37	128	0.2205842317
133	37	0.5050328654
135	37	0.7321423268
154	37	0.7320755529
157	37	0.1012394659
168	37	0.8113863114
169	37	0.4881079671
170	37	0.9096571659
37	180	0.0732680674
38	39	0.1438291689
38	51	0.1552485846
38	52	0.5964738034
38	58	0.1929267536
59	38	0.0566974985
68	38	0.1833058263
70	38	0.0886239742
74	38	0.2887656105
75	38	0.9927526079
83	38	0.0991175581
38	86	0.4357135434
93	38	0.0794917772
95	38	0.2644736456
106	38	0.8973529974
38	108	0.0194030018
38	111	0.1306083721
38	115	0.0710577004
38	124	0.1199423315
129	38	0.1433010249
38	134	0.0719682200
147	38	0.0758467837
38	148	0.0719249751
154	38	0.3330298316
156	38	0.0758848950
163	38	0.0662097147
164	38	0.0746914316
166	38	0.0042483568
170	38	0.0557828617
38	173	0.8343832720
39	51	0.0114194157
39	52	0.2263223172
59	39	0.2572241658
64	39	0.3909427148
39	66	0.4623378057
70	39	0.1605385586
74	39	0.2162973897
39	80	0.0041163467
83	39	0.1214733635
39	84	0.3485367042
93	39	0.3028127233
39	97	0.1631753907
106	39	0.5205910832
108	39	0.1244261671
39	111	0.1173875753
39	112	0.8634471121
113	39	0.3472499975
115	39	0.0017137682
124	39	0.0238868374
39	134	0.0001072710
39	145	0.1709828538
146	39	0.4519610733
147	39	0.1477613682
154	39	0.4049444161
156	39	0.1477994794
163	39	0.2762485983
164	39	0.1466060161
170	39	0.2553948923
39	173	0.6905541031
184	39	0.0265874177
40	62	0.3907455974
40	63	0.2118842600
40	69	0.5036717341
71	40	0.2085795272
40	76	0.3802727893
83	40	0.2502256332
91	40	0.2507932267
106	40	0.6493433529
117	40	0.0882199894
119	40	0.0704944249
40	127	0.0687864258
131	40	0.6249323561
133	40	0.3066539983
135	40	0.3353845927
140	40	0.0856863080
142	40	0.5884784701
154	40	0.5336966858
168	40	0.4146285773
40	174	0.5117983697
40	177	0.0181327004
83	41	0.5088461918
86	41	0.2414306410
106	41	0.9079639115
122	41	0.3378051036
126	41	0.0891385616
154	41	0.7923172444
168	41	0.4659348472
170	41	0.5150702744
79	42	0.2505219949
81	42	0.1851683449
91	42	0.5397567498
95	42	0.4842256479
102	42	0.0231921180
119	42	0.0543323606
42	128	0.3998779506
131	42	0.6631026524
133	42	0.3257391465
136	42	1.0160356721
142	42	0.6266487664
154	42	0.5527818340
168	42	0.4527988736
184	42	0.1744248356
84	43	0.6575375329
95	43	1.3424624671
44	46	0.4782873261
52	44	0.0210949152
71	44	0.4459094527
79	44	0.4496816241
83	44	0.7377811920
85	44	0.1971707226
91	44	0.3694581895
106	44	0.7680083156
44	107	0.2388680878
108	44	0.6192606321
44	128	0.6005962720
131	44	0.4311311408
154	44	0.6523616486
158	44	0.3300846366
44	160	0.0058466847
44	176	0.0503764484
44	180	0.1529819717
78	45	0.5289172858
168	45	0.9285977726
79	46	0.9279689502
81	46	0.8626153002
83	46	0.6080342590
85	46	0.6754580486
91	46	0.6086018525
131	46	0.6702748038
133	46	0.6644626241
154	46	0.8915053116
158	46	0.4041859813
160	46	0.4665939566
47	52	0.0181798405
57	47	0.1468178339
64	47	0.6081751118
47	65	0.3282203965
67	47	0.6195306802
47	77	0.2863063515
79	47	0.3893119531
83	47	0.6774115210
97	47	0.1356447016
102	47	0.0809910381
106	47	0.7378234802
108	47	0.5588909611
117	47	0.1325901220
141	47	0.2358926726
146	47	0.4432129336
154	47	1.2443536261
158	47	0.1348574828
170	47	0.3449298432
177	47	0.0703474269
179	47	0.3831150167
181	47	0.4870655028
62	48	0.4158376071
63	48	0.7735602819
83	48	0.8488900342
90	48	0.6117201122
91	48	0.8494576277
103	48	0.4976031680
106	48	1.2480077538
116	48	0.6211182343
117	48	0.6427743956
119	48	1.2678232268
127	48	1.1285423761
133	48	0.9053183993
135	48	0.7663566973
137	48	0.7545297181
141	48	0.6281306100
144	48	0.5425757870
154	48	1.1323610867
48	165	0.4218249964
175	48	0.5454646374
177	48	0.5805317006
49	56	0.6623371373
49	80	0.0644171996
49	92	0.1653875653
106	49	0.4602902302
49	132	0.6125156110
49	153	0.1118846553
55	50	0.0219647207
57	50	0.5458479173
66	50	0.4585024945
79	50	0.6670949769
81	50	0.6344181519
83	50	0.8111447609
85	50	0.5408395261
86	50	0.5437292101
91	50	0.8117123544
94	50	0.4568873971
98	50	0.3675428708
106	50	1.2102624805
107	50	0.2033860771
108	50	1.5037689618
117	50	0.6050291223
121	50	0.5881739811
124	50	0.7016148161
127	50	0.5265259147
131	50	1.7467706114
142	50	0.8551583627
154	50	1.0946158134
160	50	0.8728149603
177	50	0.5427864273
180	50	0.2892721931
181	50	0.9595045032
184	50	0.7162588150
61	51	0.1308458771
51	66	0.4509183900
51	69	0.7497568578
51	71	0.0375055965
51	76	0.6263579131
51	82	0.5145662074
93	51	0.1571160695
51	100	0.4603702077
108	51	0.1358455828
51	111	0.0529840798
113	51	0.3586694132
115	51	0.0131331839
51	116	0.2011774570
124	51	0.0176531266
146	51	0.4633804890
156	51	0.1535091873
163	51	0.2876680140
166	51	0.0818726491
168	51	0.1685434536
169	51	0.3333730763
170	51	0.1334071540
51	171	0.1772616443
51	172	0.5859734626
51	173	0.6791346874
51	175	0.3524846508
52	55	0.4413843594
57	52	0.0824988372
58	52	0.2017735249
59	52	0.3549344001
64	52	0.6172650321
67	52	0.6377105207
68	52	0.9630854560
71	52	0.4037196222
73	52	0.3343681174
74	52	0.8852394139
75	52	0.7946132057
79	52	0.4074917936
83	52	0.6955913615
52	84	0.1222143869
86	52	0.0803801300
90	52	0.2212515176
95	52	1.1254210945
106	52	1.4938268008
108	52	0.5770708016
113	52	0.3999473160
124	52	0.2382657359
129	52	0.8830758531
134	52	0.2262686817
146	52	0.9046057077
147	52	0.3740836854
148	52	0.4526238532
154	52	1.2625334666
158	52	0.1439474030
52	160	0.0269416000
162	52	0.3617281004
164	52	0.3729283333
52	176	0.1429427273
179	52	0.7844098739
182	52	0.1087850229
154	53	1.0000000000
59	54	0.5161803971
67	54	0.4801012573
68	54	0.6427887249
73	54	0.9912282286
54	77	0.1159704343
83	54	1.0180833554
86	54	0.2416261269
95	54	0.7239565442
97	54	0.3059806188
106	54	0.9081593973
108	54	0.8995627954
115	54	0.3884251983
129	54	0.6027839235
134	54	0.7750293574
147	54	0.5353296824
154	54	0.7925127303
163	54	0.5256926133
179	54	1.1069018678
184	54	0.8283114637
83	55	0.7891800402
90	55	0.5520101182
91	55	0.7897476337
98	55	0.3455781501
106	55	1.1882977598
117	55	0.5830644016
133	55	0.8456084053
154	55	1.0726510927
160	55	0.4144427595
92	56	0.4969495720
56	105	0.1496982507
106	56	0.7914587989
56	132	0.2813470423
143	56	0.1306344383
59	57	0.2724355630
61	57	0.5379192986
57	66	0.0873454228
67	57	0.4727128463
79	57	0.2424941193
81	57	0.0885702347
83	57	0.5305936872
57	85	0.0050083911
91	57	0.2658644371
57	98	0.3566100930
102	57	0.0075821212
106	57	0.6644145632
108	57	0.4120731272
110	57	0.2865853810
117	57	0.1183624101
57	127	0.0386440051
138	57	0.5277561582
141	57	0.0890748387
155	57	0.0235578910
158	57	0.1228971317
162	57	0.2792292632
57	176	0.3079404016
179	57	0.3097060998
181	57	0.4136565859
67	58	0.1170817354
68	58	0.5595384062
70	58	0.3701747019
73	58	0.1325945924
74	58	0.2408461820
75	58	1.1856793615
83	58	0.1460221558
95	58	0.7218740447
106	58	0.5451398755
113	58	0.3963475821
58	114	0.1328112344
124	58	0.0729844221
129	58	0.2397644017
146	58	0.5010586579
147	58	0.1723101605
148	58	0.0245384017
154	58	0.4294932084
162	58	0.3199091509
164	58	0.3423096168
64	59	0.5246612639
59	66	0.3597809858
59	83	0.0142774388
59	90	0.2443086413
93	59	0.0227942787
59	94	0.5898397817
59	97	0.4203995566
59	108	0.1327979987
110	59	0.0282996361
113	59	0.0900258317
59	115	0.2555103976
59	127	0.2917575655
59	134	0.1286657184
59	135	0.0896720563
59	141	0.4557962872
146	59	0.1947369074
147	59	0.0382985705
59	149	0.7715283282
59	158	0.2109869971
59	159	0.0656189732
164	59	0.0359878664
59	168	0.1001001279
179	59	0.0745410736
83	60	0.3719890828
117	60	0.1658734443
119	60	0.3140213240
127	60	0.1747404734
133	60	0.8568348958
141	60	0.3024593172
142	60	0.4160026846
144	60	0.1313496712
147	60	0.3982770875
164	60	0.3971217354
60	165	0.8987259478
177	60	0.2072614984
61	66	0.3563050721
75	61	0.4431547192
61	79	0.1477125897
61	82	0.3881289808
61	98	0.8945293916
61	100	0.7220619619
61	115	0.1242792851
61	138	0.0050815702
61	141	0.2244222299
142	61	0.0403507961
154	61	0.2798082468
156	61	0.0453266204
61	158	0.2075110834
61	161	0.2521643953
163	61	0.0259762598
61	166	0.0979464559
170	61	0.0051225538
61	174	0.7656868086
181	61	0.1446969366
63	62	0.1788613374
83	62	0.6409712307
91	62	0.6415388241
94	62	0.0582701683
95	62	0.8558860972
106	62	1.0400889503
119	62	0.8519856197
121	62	0.4180004509
127	62	0.7127047690
131	62	1.4064235509
133	62	0.6973995958
135	62	0.5584378938
137	62	0.5466109146
142	62	0.6849848325
154	62	0.9244422832
83	63	0.9242197865
90	63	0.2249399713
91	63	0.9253549734
63	94	0.1205911691
95	63	0.6770247597
103	63	0.1108230270
106	63	0.8612276129
116	63	0.2343380934
119	63	0.4942629449
121	63	0.2391391134
127	63	0.3549820942
133	63	1.0370765167
135	63	0.3795765563
137	63	0.3677495772
141	63	0.4827009380
144	63	0.1557956460
63	149	0.3022797155
154	63	0.7455809458
160	63	0.1747452250
63	165	0.8086051373
168	63	0.8383970973
172	63	0.0838801811
175	63	0.1586844965
177	63	0.3875031192
181	63	0.6104696355
64	66	0.6221116177
64	68	0.1357223041
64	73	0.2828969147
64	74	0.3492906503
64	80	0.3950590615
64	83	0.2694693513
64	86	0.5368849021
64	90	1.0132785465
64	94	0.8521704136
64	95	0.0545544848
64	96	0.2451788607
64	97	0.4725304102
64	99	0.3666277810
64	104	0.4405321159
64	108	0.6574592626
64	110	0.4963616278
64	113	0.2173177161
64	125	0.8725678804
64	127	0.5540881974
64	130	1.0012267665
64	134	0.3909963503
64	137	0.7276593348
64	141	0.9804575511
64	145	1.1238511373
64	146	0.3299243564
64	147	0.4863626933
64	148	0.3909531055
64	149	2.0677179202
64	159	0.5902802370
64	164	0.4886733975
64	168	0.6247613918
64	171	0.5739140670
64	179	0.2250600951
64	182	0.5084800092
77	65	0.0419140450
83	65	0.6669261570
65	87	0.0042195585
106	65	1.0660438766
122	65	0.6539650340
126	65	0.4052984920
134	65	0.5453991580
154	65	0.9503972095
168	65	0.6240148124
79	66	0.2085924824
83	66	0.3526422664
93	66	0.7651505290
108	66	0.2933819864
111	66	0.1724751152
113	66	0.8095878032
115	66	0.4640515739
124	66	0.4862246431
127	66	0.0680234202
141	66	0.2637656843
146	66	0.9142988790
147	66	0.3789302710
156	66	0.7579367646
158	66	0.2975879773
161	66	0.2082813537
164	66	0.3777749190
169	66	0.3921457332
170	66	0.7177326980
66	174	0.4093817365
68	67	0.1626874677
75	67	0.4757579453
67	79	0.2302187271
83	67	0.0578808409
67	97	0.1741206385
106	67	0.8561162801
67	108	0.0606397191
113	67	0.1621841113
67	124	0.1611790488
67	127	0.5113568514
129	67	0.2453653325
67	140	0.1784420588
67	141	0.1918190038
147	67	0.1104568502
67	148	0.1850866674
154	67	0.6248229460
67	155	0.4255970644
67	158	0.3498157146
162	67	0.0428728400
164	67	0.1081461460
170	67	0.0351645031
179	67	0.1466993532
68	71	0.2796829169
68	73	0.2943492213
68	74	0.0389230211
75	68	0.6261409553
68	79	0.2777968312
68	83	0.2674940945
68	90	0.3709169692
95	68	0.1623356385
106	68	0.2653706724
68	108	0.3860146544
68	115	0.2543635267
68	116	0.3615188471
68	129	0.0800096029
68	134	0.2552740463
68	147	0.2149180852
68	148	0.2552308014
68	152	0.6799065446
154	68	0.2994480106
68	159	0.1594178144
68	162	0.2396292553
68	164	0.2172287893
68	179	0.0893377911
71	69	0.3561256306
121	69	0.2790907205
154	69	0.7855325528
173	69	0.0353110852
75	70	0.4077523298
95	70	0.1758496714
106	70	0.3600525246
113	70	0.0261728803
70	124	0.1485951399
129	70	0.0546770507
70	166	0.1687512346
70	173	0.5058156102
71	76	0.2944261583
79	71	0.0018860857
83	71	0.2918717393
95	71	0.3608507361
71	100	0.4228646112
71	102	0.1117788528
108	71	0.1733511793
154	71	0.4294069222
71	158	0.1158248162
71	173	0.3208145454
71	174	0.6160881333
179	71	0.1903451258
181	71	0.2942956119
74	73	0.2165031792
75	73	0.9204901766
73	81	0.1632990455
83	73	0.0268551268
73	94	1.1385469978
95	73	0.2283424299
73	99	0.1674617326
106	73	0.4125452830
73	108	0.0916654331
73	124	0.1922047628
73	134	0.2161988712
73	148	0.2161123815
154	73	0.5937972319
162	73	0.0273599830
170	73	0.0196516460
179	73	0.0578368196
75	74	0.3519934987
74	83	0.0948240262
74	90	0.3319939481
95	74	0.2401816807
106	74	0.6085873869
74	108	0.3081686123
74	124	0.4087079420
74	129	0.0021635607
74	134	0.2163510252
74	137	0.1891843423
74	147	0.1370720431
74	148	0.2163077803
74	152	0.3010302512
154	74	0.3772940527
74	159	0.2409895867
74	162	0.1617832131
74	182	0.3338346840
75	79	0.5908673089
75	83	0.8936350498
75	90	0.6839874469
75	95	0.2319026584
75	106	0.0476998053
75	108	0.5060778049
75	124	0.5563474697
75	129	0.7061505582
75	147	0.4205295203
75	148	1.1366025581
75	152	0.6530237500
75	154	0.3266929447
75	162	0.4328851053
75	164	0.8433697447
75	178	0.5776090545
75	182	0.6858281827
83	76	0.4403620279
93	76	0.9405900520
76	98	0.0032398622
127	76	0.1557431818
135	76	0.7156573820
154	76	0.7238330805
83	77	0.6250121120
86	77	0.3575965612
134	77	1.0069702259
77	150	0.4840234914
154	77	0.9084831645
168	77	0.5821007674
78	87	0.4571077681
101	78	0.5267776456
139	78	0.3114811581
154	78	0.7260628839
168	78	0.3996804868
79	81	0.0653536499
83	79	0.2880995679
79	85	0.2525109015
79	90	0.0931201380
95	79	0.3589646505
79	97	0.0590112749
79	100	0.4266367826
79	102	0.2273298769
106	79	1.0863350072
108	79	0.1695790080
115	79	0.0234333045
79	127	0.2811381243
79	128	1.0502778961
134	79	0.0450455699
79	140	0.1266653906
79	141	0.0767096403
148	79	0.0225660298
154	79	0.4275208365
79	155	0.0976891687
156	79	0.1703758999
79	158	0.1195969875
79	160	0.4613749935
168	79	0.1011384394
169	79	0.1835532507
170	79	0.1502738666
179	79	0.3769180803
181	79	0.2924095263
83	80	0.1255897102
80	92	0.0365531662
80	97	0.0774713487
80	100	0.2317784651
80	126	0.3386872008
80	132	0.5480984114
80	143	0.2722338615
80	149	0.6387998986
153	80	0.0084748719
81	82	0.4154791323
83	81	0.1767266089
81	85	0.1871572516
81	94	0.4059744534
81	102	0.1619762270
106	81	0.5758443286
81	117	0.0293890296
81	128	0.9849242462
81	140	0.0306558703
81	141	0.0440328153
154	81	0.4601976615
81	155	0.0650123437
81	158	0.0542433376
81	180	0.6902919176
181	81	0.3250863512
85	82	0.1141609404
82	89	0.5445860856
91	82	0.3850337686
93	82	0.4143991732
131	82	0.4467067199
158	82	0.3612357947
181	82	0.5328259174
83	84	0.9400201354
83	85	0.5406104694
83	86	0.5348311016
83	87	0.6711457154
83	89	0.9290522607
83	90	0.4743398439
83	94	1.1654021246
95	83	0.4298297330
83	97	0.4061221178
83	98	0.4436018901
83	102	0.5154294448
83	103	0.3512868662
106	83	0.7982354393
83	107	0.6077586838
83	108	0.1185205600
113	83	0.1043032704
83	117	0.2061156385
83	119	0.2149784208
83	120	0.6885682647
83	121	0.2229707798
83	124	0.2190598896
83	126	0.4642769110
83	127	0.5692376923
83	128	0.6691887320
129	83	0.1874844916
83	130	0.7317574152
133	83	0.0564283651
83	134	0.2430539980
83	137	0.1887206322
83	138	0.0014187645
83	140	0.2073824792
83	141	0.4415188484
83	144	0.3063142472
146	83	0.1045071731
147	83	0.0525760093
83	148	0.2429675083
83	149	1.5287792176
83	150	1.1090356034
83	152	0.2062062251
154	83	0.5669421051
83	155	0.2417389526
83	157	0.3473650344
83	158	0.4076965555
83	160	0.7494745615
162	83	0.0278648392
164	83	0.0502653052
83	165	1.2707150306
83	167	0.5693683849
170	83	0.0062240826
83	174	1.5240480058
83	176	0.8385340888
83	177	0.2683583336
179	83	0.0888185124
83	180	0.5218725677
181	83	0.1483597423
83	182	0.4780213157
183	83	0.0085417519
83	184	0.1897718917
85	84	0.3994096659
95	84	0.6849249342
106	84	0.8691277873
108	84	0.8214995754
115	84	0.3493935883
126	84	0.0057331567
127	84	0.3707824431
134	84	0.3484830687
160	84	0.0952727869
170	84	0.4762341503
184	84	0.3751241218
86	85	0.0028896839
85	89	0.6587470260
91	85	0.5417456564
85	94	0.3123958276
106	85	0.6694229544
108	85	0.2110449547
117	85	0.0641895962
85	128	0.3988834973
131	85	0.3325457795
141	85	0.0495458105
85	150	0.8387303686
158	85	0.1329139140
85	160	0.1044320460
85	180	0.5031346660
90	86	0.0302456288
95	86	0.4823304173
106	86	0.6665332704
108	86	0.2081552708
86	126	0.3937227205
86	127	0.0344065907
134	86	0.2917771035
86	150	0.8416200526
154	86	0.5508866033
158	86	0.1271345461
86	160	0.1073217300
163	86	0.2840664864
168	86	0.2245042062
184	86	0.1725296049
95	87	0.8860605820
97	87	0.4680846566
101	87	0.4919427069
122	87	0.6624041509
154	87	0.9546167680
168	87	0.6282343709
154	88	1.0000000000
91	89	0.9296198542
106	89	1.3281699804
131	89	0.9912928055
158	89	0.7252039830
91	90	0.4754750309
90	94	0.6910622807
95	90	0.4520847885
90	103	0.1141169443
106	90	0.6362876416
108	90	0.1779096420
119	90	0.0221915012
90	120	0.4513983427
121	90	0.0283982843
90	127	0.0948978484
131	90	0.2994104668
133	90	0.2935982871
135	90	0.1546365851
137	90	0.2856192118
154	90	0.5206409745
158	90	0.0333216442
90	160	0.2751347176
90	177	0.0311884117
91	94	1.1665373116
95	91	0.2143472730
91	98	0.4441694836
91	103	0.7037089194
91	116	0.4566787867
91	119	0.4310920286
91	120	0.6891358582
91	121	0.4470767466
91	127	0.5703728792
131	91	0.1233459026
133	91	0.0558607716
136	91	0.7461572972
91	137	0.0949279096
142	91	0.0868920166
91	149	0.7649572023
154	91	0.2829034591
91	158	0.4088317424
91	160	0.3753048742
91	175	0.3039929903
91	177	0.2689259271
91	180	0.5224401612
183	91	0.0159483168
91	184	0.1909070787
92	100	0.4270037640
92	105	0.6466478226
92	120	0.5447019714
92	130	0.5878911219
92	132	0.5298218283
92	143	0.2356806953
92	149	0.6205233155
153	92	0.0535029100
184	92	0.0489803474
93	97	0.2329940570
93	108	0.0891932781
93	111	0.2101001493
113	93	0.0444372742
93	115	0.3010989551
93	124	0.1394629429
93	134	0.3029199943
146	93	0.1491483500
93	156	0.0072137644
93	161	0.2784345877
93	163	0.0265641250
93	166	0.1504868407
93	170	0.0474178310
93	173	0.9933668264
106	94	0.9818187820
108	94	1.0468815647
119	94	0.3677226415
94	120	0.1058672024
121	94	0.7194605650
127	94	0.5961644324
94	130	0.1490563529
133	94	0.6391294274
135	94	1.0003354508
137	94	0.4883407462
141	94	0.3619416381
154	94	0.8661721149
160	94	0.2079637816
177	94	0.3143427287
95	96	0.1906243759
95	103	0.5662017327
106	95	0.1842028531
95	108	0.5483502930
95	116	0.4426866664
95	119	0.4298932873
95	121	0.4378856463
95	124	0.3244448113
95	127	0.4995337126
95	129	0.2423452414
95	130	0.9466722817
95	131	0.1526743217
95	132	0.8886029881
95	133	0.1584865014
95	134	0.3364418655
95	135	0.2974482034
95	147	0.3772537237
95	148	0.6727972413
95	152	0.4211210916
154	95	0.1371123721
95	158	0.4187631442
95	160	0.5896521472
95	162	0.4019648938
95	164	0.1897822139
95	176	0.6341819109
95	179	0.1705056103
95	180	0.7367874342
95	183	0.2063731146
95	184	0.3098008123
96	99	0.2428978407
96	101	0.4069869984
96	104	0.3907065104
96	109	0.0140283766
96	114	0.6062477618
96	123	0.9859881990
96	125	0.3822101590
146	96	0.1604333650
96	152	0.4609934314
96	159	0.0999225156
96	162	0.0207161420
96	168	0.1344036704
96	171	0.3287352063
96	178	0.3101640405
106	97	1.2043575571
108	97	0.2876015578
113	97	0.5104253882
97	126	0.5224317042
146	97	0.6151364640
147	97	0.4586981271
97	150	0.9059745445
154	97	0.4865321114
156	97	0.2293871748
97	158	0.0007872188
162	97	0.2169934785
170	97	0.2092851415
179	97	0.4949406302
181	97	0.3514208012
98	107	0.1641567937
117	98	0.4749725030
131	98	0.5058424349
138	98	0.8843662511
142	98	0.4876154919
160	98	0.0688646093
176	98	0.0243348457
99	101	0.0820445788
99	104	0.1478086698
109	99	0.2148410875
99	114	0.3633499211
99	125	0.1393123183
129	99	0.1909006755
99	152	0.2180955907
159	99	0.1429753251
162	99	0.2221816987
99	171	0.4145725720
99	178	0.0672661998
179	99	0.2831353718
103	100	0.0060813090
116	100	0.1295963754
127	100	0.1454986582
100	128	0.3118205568
133	100	0.4137965403
137	100	0.2630078592
141	100	0.1366087510
156	100	0.7673885823
163	100	0.7480382217
166	100	0.6241155060
177	100	0.0890098416
181	100	0.5057279175
101	114	0.1992607634
139	101	0.0480923353
154	101	0.4626740611
101	171	0.1252417071
106	102	0.6568324420
108	102	0.3969088849
102	127	0.0538082475
102	128	0.8229480192
133	102	0.3141430875
135	102	0.3503627710
140	102	0.1006644863
141	102	0.0369552982
154	102	1.0823715499
156	102	0.2840408383
102	157	0.0896503120
158	102	0.1077328894
168	102	0.4296067556
119	103	0.2726168908
127	103	0.1333360401
133	103	0.4077152313
135	103	0.2687535293
136	103	1.0980117569
137	103	0.5138531003
154	103	0.6347579188
177	103	0.1658570652
109	104	0.3626497573
104	114	0.2155412514
125	104	0.0084963514
104	152	0.0702869209
159	104	0.2907839948
162	104	0.1849951842
168	104	0.2563028400
104	171	0.2667639022
178	104	0.0805424699
105	132	0.2064979170
143	105	0.2054835637
106	107	1.0068764034
106	108	0.9167559992
106	111	0.5792848708
106	113	0.6939321688
106	115	0.5197341991
106	119	0.6140961404
106	124	0.5086476644
106	126	0.8633946306
106	127	0.6837365658
106	128	1.0683064517
106	129	0.6107509477
106	130	1.1308751348
106	134	1.0412894373
106	137	0.4934780357
106	138	0.4005364841
106	146	0.2946105465
106	147	0.3728297150
106	148	0.5206014738
106	150	1.5081533230
106	152	0.6053239447
106	153	0.5162325579
106	154	0.2312933342
106	158	1.2059319947
106	160	1.5477100007
106	162	0.3851853000
106	164	0.3739850671
106	168	0.4420290642
106	170	0.3928936370
106	173	0.8658681347
106	174	1.1611417226
106	179	0.7094169269
106	180	0.9209902874
106	182	0.6381283775
106	184	0.4940036655
108	107	1.0969968076
154	107	0.8912297363
160	107	0.2330214030
163	107	0.6244096194
173	107	0.1410082687
110	108	0.0805488174
108	111	0.2418137424
113	108	0.2228238304
108	115	0.1227123989
108	116	0.1685115199
108	117	0.1468553586
108	120	0.6293079847
108	124	0.1005393297
108	126	0.4050166310
108	127	0.4507171323
108	128	0.6099284520
129	108	0.3060050516
108	130	0.6724971352
108	134	0.1245334381
138	108	0.0578415155
108	140	0.2962443985
108	141	0.1614991442
146	108	0.3275349062
147	108	0.1710965693
108	148	0.1244469483
108	149	0.7051293288
108	150	1.0497753234
154	108	0.6854626651
108	155	0.1824786726
156	108	0.0855863959
108	158	0.2891759955
159	108	0.0335895128
108	160	0.6309540015
164	108	0.1687858651
170	108	0.1309687252
108	173	0.8149802702
108	174	0.7027637229
108	175	0.2441651168
179	108	0.2073390723
108	182	0.3595007557
108	184	0.0712513317
109	114	0.2890955043
109	125	0.3541534059
109	152	0.4329366782
109	159	0.0718657625
162	109	0.0073406111
109	168	0.1063469173
109	171	0.3147068298
109	178	0.1410536437
147	110	0.0049994672
110	158	0.2251368152
110	159	0.0469593046
164	110	0.0076882303
179	110	0.0462414375
113	111	0.2323187864
115	111	0.1191013435
146	111	0.2846743243
148	111	0.0586833970
156	111	0.4129865341
163	111	0.3936361736
166	111	0.2697134579
170	111	0.3727824676
111	173	0.2865832639
113	112	1.0370721109
146	112	1.0894276488
164	112	1.0100531282
113	115	0.3455362293
113	124	0.3233631601
129	113	0.0831812212
146	113	0.1047110758
113	147	0.0517272612
113	148	0.3472707787
113	156	0.0258255193
113	161	0.3006532248
113	163	0.0355006996
113	164	0.0540379653
113	166	0.0974620575
113	170	0.0918551052
113	179	0.0154847581
125	114	0.2240376028
129	114	0.7451512722
152	114	0.1452543304
162	114	0.2927658099
114	171	0.0512226509
178	114	0.2960837213
124	115	0.0221730692
138	115	0.1191977149
115	140	0.1735319996
115	141	0.1001429448
146	115	0.4502473051
147	115	0.2938089681
154	115	0.4040875320
156	115	0.2938851906
115	157	0.2267485550
159	115	0.0949457122
115	161	0.2557702202
163	115	0.2745348301
164	115	0.1457491320
166	115	0.1506121144
170	115	0.2536811241
115	177	0.1477418542
116	127	0.1136940925
135	116	0.2904769259
141	116	0.0140247513
116	165	1.0429432307
168	116	0.1848604553
116	172	0.3847960057
116	175	0.1513071938
117	119	0.0177255645
117	127	0.1570064152
131	117	0.5367123667
117	140	0.0012668407
142	117	0.5002584807
154	117	0.4895866911
158	117	0.0022673608
117	160	0.3372432844
117	165	1.0645993920
117	177	0.1244853901
119	120	0.4735898439
119	121	0.0079923590
119	127	0.1392808507
131	119	0.5544379312
133	119	0.5428135718
135	119	0.2648901678
137	119	0.1206181047
119	141	0.0115620068
142	119	0.5179840452
119	144	0.1826716528
119	149	0.5494111880
119	165	1.0557366098
168	119	0.3441341524
119	175	0.0884469760
119	177	0.1067598256
127	120	0.8078988371
120	130	0.0863783010
133	120	1.4899932596
135	120	0.6060349278
120	149	0.1516426882
169	120	0.7280717315
121	127	0.1232961327
133	121	0.5587982898
135	121	0.2808748858
137	121	0.2572209275
141	121	0.0044227112
121	177	0.0907751076
181	121	0.7426610442
134	122	0.4368332820
122	149	0.4244459688
154	122	0.6234146925
168	122	0.2970322954
184	122	0.2450576942
168	123	0.9187863638
146	124	0.4280742358
154	124	0.3930009974
156	124	0.1358560607
124	160	0.5304146718
164	124	0.2693251948
170	124	0.2315080549
125	152	0.0787832723
159	125	0.2822876434
162	125	0.1807470085
168	125	0.2478064886
125	171	0.2752602536
178	125	0.0720461185
134	126	0.6854998240
126	150	0.6447586923
154	126	0.7477479636
168	126	0.4213655664
127	130	0.8942771381
131	127	0.6937187819
133	127	0.6820944225
135	127	0.4041710185
137	127	0.3805170601
140	127	0.1544727338
141	127	0.1277188438
127	144	0.0433908021
146	127	0.3891260192
127	149	0.9595415253
154	127	0.5680898987
158	127	0.1615411368
127	160	0.1802368692
164	127	0.3097514987
127	165	0.9860961844
168	127	0.4834150031
169	127	0.3241223129
127	173	0.3642631379
177	127	0.0325210251
127	180	0.2372537216
135	128	0.5866553951
154	128	0.9526597846
156	128	0.6955148479
158	128	0.4653404543
170	128	0.6754128147
146	129	0.0107649273
129	147	0.0674542412
129	148	0.4304519999
154	129	0.3794576135
129	162	0.1596196524
129	164	0.1372191865
129	179	0.0493329896
134	130	1.2204608324
146	130	0.8362645883
130	149	0.0326321936
170	130	0.7379814978
131	133	0.0116243594
131	149	0.8266301536
154	131	0.2212305077
131	158	0.2660888225
131	160	0.4369778255
131	173	0.5289909599
131	180	0.5841131125
131	183	0.0536987929
143	132	0.4119814807
133	135	0.2779234040
133	137	0.3015773624
133	141	0.5543755786
133	142	0.0248295266
133	144	0.3627426123
133	149	0.8208179739
154	133	0.2270426874
133	158	0.2602766428
133	160	0.4311656458
133	165	1.3271433957
133	168	0.1986794194
133	177	0.6495733974
135	134	0.0389936621
147	134	0.2956300073
148	134	0.0000432449
134	150	0.9875086043
134	152	0.0846792260
154	134	0.4049980516
156	134	0.1478531149
134	160	0.5064205634
163	134	0.2763558693
168	134	0.1572313089
170	134	0.1277510817
184	134	0.0532821064
135	137	0.0118269792
135	149	0.6818562719
168	135	0.0396219923
135	172	0.6752729316
135	175	0.4417841197
135	177	0.3716499934
136	184	0.8416108365
169	137	0.1338637829
137	173	0.3723900990
137	177	0.1739980175
137	180	0.4275122517
183	137	0.1029020680
142	138	0.0908647326
138	176	0.4178482799
154	139	0.4145817258
140	157	0.1399825552
158	140	0.0070684030
140	177	0.0609758544
141	144	0.1711096460
146	141	0.6505331947
147	141	0.4940948577
141	149	0.5436301846
154	141	0.5042304768
158	141	0.0169111465
162	141	0.2346918438
163	141	0.2374103598
164	141	0.4917841536
141	165	1.0499556064
168	141	0.3556961593
141	174	0.5412645787
141	177	0.0951978188
181	141	0.3691191665
154	142	0.2394574508
142	177	0.3123719354
143	149	0.5026829679
144	151	1.0000000000
154	144	0.5897852997
158	144	0.1024659695
144	165	0.9644007834
144	172	0.1138555555
177	144	0.0759118272
146	147	0.1564383369
146	148	0.4519818545
146	156	0.1563621144
146	158	0.3083554508
146	164	0.1587490411
146	170	0.1965661809
146	176	0.5237742175
146	179	0.0600979169
147	148	0.1477717588
147	159	0.0519587718
147	162	0.0123555850
147	164	0.0023107041
147	168	0.0691993492
179	147	0.0362425031
147	182	0.5305973250
154	148	0.8099096134
159	148	0.0958129870
162	148	0.1354161738
164	148	0.2932328134
148	173	0.3452666609
179	148	0.3317860207
148	182	0.2350538074
184	148	0.0265978083
164	149	0.7895222614
154	150	1.3925066559
168	150	1.0661242588
184	150	1.0141496575
154	152	0.9793545552
159	152	0.3610709158
162	152	0.4402772893
164	152	0.2313388776
168	152	0.1632948805
170	152	0.4248606154
152	171	0.0982384906
152	173	0.2605441900
178	152	0.1508293909
154	157	0.6308360870
154	158	0.9746386606
154	160	0.6582083333
154	162	0.5390772659
154	164	0.2583384000
154	168	0.3263823971
154	170	0.2772469699
154	172	0.7036408552
154	176	0.7027380969
154	179	0.4781235927
154	182	1.0449634208
154	184	0.7567139968
158	155	0.0757813498
156	158	0.4603487873
156	161	0.5496554109
156	163	0.0193503606
156	166	0.1432730763
156	170	0.0402040665
156	173	0.4930765310
158	157	0.2870335134
158	160	0.3417780060
162	158	0.2177806973
164	158	0.2289809303
158	167	0.3655201072
158	173	0.2629021374
158	174	0.5581757252
158	177	0.0645100559
158	180	0.3180242900
181	158	0.7044160401
184	158	0.1089623319
162	159	0.0792063736
164	159	0.1016068395
159	168	0.0344811548
159	171	0.5575478970
159	178	0.2102415249
179	159	0.0700800234
160	173	0.0920131343
160	176	0.0445297637
161	167	0.6417335908
169	161	0.2880050563
170	161	0.5094513443
164	162	0.0224004659
162	178	0.2894478985
179	162	0.0609536732
163	166	0.1239227157
169	163	0.0228525312
163	170	0.0208537060
163	173	0.4834013507
163	184	0.2230737629
164	170	0.0189085699
179	164	0.0385532072
177	165	1.0023566970
170	166	0.1030690097
168	172	0.3772584581
168	177	0.4508939780
168	178	0.0878801851
170	173	0.4729744977
170	177	0.2745824162
178	171	0.3473063721
175	172	0.2334888119
181	174	0.9103837452
179	178	0.1752007858
181	179	0.2079009722
