115 170 1.0
115 124 1.0
115 39 1.0
115 111 1.0
115 156 1.0
115 66 1.0
115 113 1.0
115 146 1.0
115 12 1.0
124 115 1.0
115 23 1.0
115 161 1.0
113 66 1.0
113 115 1.0
113 146 1.0
115 30 1.0
115 51 1.0
66 39 1.0
39 66 1.0
39 113 1.0
156 115 1.0
66 23 1.0
66 161 1.0
156 146 1.0
170 111 1.0
23 66 1.0
156 111 1.0
170 115 1.0
156 170 1.0
161 23 1.0
39 115 1.0
170 166 1.0
115 166 1.0
115 108 1.0
108 115 1.0
39 12 1.0
170 156 1.0
170 47 1.0
170 7 1.0
51 168 1.0
51 51 1.0
146 129 1.0
39 97 1.0
113 108 1.0
156 166 1.0
146 52 1.0
146 113 1.0
108 52 1.0
108 108 1.0
39 146 1.0
166 156 1.0
30 23 1.0
30 50 1.0
30 66 1.0
170 39 1.0
30 161 1.0
161 66 1.0
161 115 1.0
18 23 1.0
158 156 1.0
18 18 1.0
18 27 1.0
101 101 1.0
115 115 1.0
113 39 1.0
170 108 1.0
170 83 1.0
170 12 1.0
23 144 1.0
170 66 1.0
170 161 1.0
170 164 1.0
51 23 1.0
96 146 1.0
51 34 1.0
164 110 1.0
170 23 1.0
170 30 1.0
96 28 1.0
113 161 1.0
147 59 1.0
147 164 1.0
164 64 1.0
164 147 1.0
108 170 1.0
111 170 1.0
164 68 1.0
164 95 1.0
66 115 1.0
156 156 1.0
156 79 1.0
64 59 1.0
64 147 1.0
111 156 1.0
113 164 1.0
170 154 1.0
51 66 1.0
59 64 1.0
59 110 1.0
59 147 1.0
111 115 1.0
156 30 1.0
39 147 1.0
18 89 1.0
179 179 1.0
170 113 1.0
59 164 1.0
40 119 1.0
40 142 1.0
124 113 1.0
154 53 1.0
39 22 1.0
51 71 1.0
156 39 1.0
34 159 1.0
179 110 1.0
154 67 1.0
99 179 1.0
156 12 1.0
12 156 1.0
154 27 1.0
154 37 1.0
154 40 1.0
154 88 1.0
154 91 1.0
154 133 1.0
154 142 1.0
154 154 1.0
154 168 1.0
83 85 1.0
83 52 1.0
152 162 1.0
111 39 1.0
154 83 1.0
168 104 1.0
34 99 1.0
156 158 1.0
34 168 1.0
18 158 1.0
18 57 1.0
168 34 1.0
18 157 1.0
168 168 1.0
39 52 1.0
18 144 1.0
168 96 1.0
52 146 1.0
12 39 1.0
12 97 1.0
12 113 1.0
146 39 1.0
146 97 1.0
146 147 1.0
146 164 1.0
18 3 1.0
18 167 1.0
154 61 1.0
154 144 1.0
154 25 1.0
154 52 1.0
154 63 1.0
154 172 1.0
34 170 1.0
179 52 1.0
179 106 1.0
111 166 1.0
144 141 1.0
39 164 1.0
51 171 1.0
146 146 1.0
146 111 1.0
154 108 1.0
141 83 1.0
141 149 1.0
147 179 1.0
179 147 1.0
34 96 1.0
179 108 1.0
179 54 1.0
124 24 1.0
168 64 1.0
17 94 1.0
39 28 1.0
108 179 1.0
146 28 1.0
54 179 1.0
51 82 1.0
18 176 1.0
124 146 1.0
159 152 1.0
170 130 1.0
108 66 1.0
179 154 1.0
66 113 1.0
66 146 1.0
144 25 1.0
170 84 1.0
108 113 1.0
179 99 1.0
179 159 1.0
159 162 1.0
110 179 1.0
178 152 1.0
179 148 1.0
152 152 1.0
47 154 1.0
154 47 1.0
47 108 1.0
142 40 1.0
18 66 1.0
68 54 1.0
12 28 1.0
12 52 1.0
12 66 1.0
12 146 1.0
12 164 1.0
66 18 1.0
141 47 1.0
141 57 1.0
146 156 1.0
179 113 1.0
179 164 1.0
140 67 1.0
83 67 1.0
154 106 1.0
106 24 1.0
106 47 1.0
106 57 1.0
106 67 1.0
106 68 1.0
106 79 1.0
106 83 1.0
106 95 1.0
106 108 1.0
106 154 1.0
106 158 1.0
106 168 1.0
106 174 1.0
106 179 1.0
25 144 1.0
40 168 1.0
47 67 1.0
89 18 1.0
97 97 1.0
179 59 1.0
17 85 1.0
25 40 1.0
141 94 1.0
146 58 1.0
146 66 1.0
159 34 1.0
159 59 1.0
159 99 1.0
159 109 1.0
159 147 1.0
159 159 1.0
159 164 1.0
159 168 1.0
159 171 1.0
25 25 1.0
66 158 1.0
97 39 1.0
97 113 1.0
97 146 1.0
141 127 1.0
108 106 1.0
108 129 1.0
113 124 1.0
17 83 1.0
83 83 1.0
108 28 1.0
108 57 1.0
108 67 1.0
108 83 1.0
83 108 1.0
108 146 1.0
34 109 1.0
108 47 1.0
108 54 1.0
108 79 1.0
108 85 1.0
108 138 1.0
108 140 1.0
108 141 1.0
108 158 1.0
34 104 1.0
164 164 1.0
146 108 1.0
146 115 1.0
141 119 1.0
28 52 1.0
28 113 1.0
28 146 1.0
177 25 1.0
170 22 1.0
47 28 1.0
158 18 1.0
158 57 1.0
18 98 1.0
40 174 1.0
41 170 1.0
168 159 1.0
179 178 1.0
18 82 1.0
177 115 1.0
177 170 1.0
34 34 1.0
144 48 1.0
144 165 1.0
141 133 1.0
110 59 1.0
110 64 1.0
158 89 1.0
154 28 1.0
154 148 1.0
67 52 1.0
67 154 1.0
141 165 1.0
140 79 1.0
124 124 1.0
106 28 1.0
115 54 1.0
47 52 1.0
47 57 1.0
25 23 1.0
168 51 1.0
108 68 1.0
108 95 1.0
108 148 1.0
108 164 1.0
52 47 1.0
167 18 1.0
168 133 1.0
179 68 1.0
39 39 1.0
144 151 1.0
79 81 1.0
79 67 1.0
79 83 1.0
79 128 1.0
168 40 1.0
168 119 1.0
64 168 1.0
166 111 1.0
166 115 1.0
166 170 1.0
30 166 1.0
52 57 1.0
106 113 1.0
140 102 1.0
113 52 1.0
79 106 1.0
48 63 1.0
64 96 1.0
141 48 1.0
179 71 1.0
34 152 1.0
79 37 1.0
40 71 1.0
168 26 1.0
170 170 1.0
79 5 1.0
168 109 1.0
164 59 1.0
164 148 1.0
126 84 1.0
106 54 1.0
106 129 1.0
161 170 1.0
28 67 1.0
28 83 1.0
28 154 1.0
83 28 1.0
156 124 1.0
113 28 1.0
30 98 1.0
144 63 1.0
83 97 1.0
98 30 1.0
51 116 1.0
113 106 1.0
17 7 1.0
30 111 1.0
157 115 1.0
156 100 1.0
8 28 1.0
142 142 1.0
28 97 1.0
28 179 1.0
140 108 1.0
28 158 1.0
83 148 1.0
91 27 1.0
91 142 1.0
28 164 1.0
142 91 1.0
83 113 1.0
108 5 1.0
28 129 1.0
144 60 1.0
30 30 1.0
152 154 1.0
81 8 1.0
17 48 1.0
17 119 1.0
17 127 1.0
17 141 1.0
17 165 1.0
28 7 1.0
115 5 1.0
96 25 1.0
141 60 1.0
141 177 1.0
148 179 1.0
5 115 1.0
79 68 1.0
79 148 1.0
142 50 1.0
179 28 1.0
179 97 1.0
147 28 1.0
147 83 1.0
83 84 1.0
83 7 1.0
113 97 1.0
34 171 1.0
51 146 1.0
67 83 1.0
67 148 1.0
146 51 1.0
67 68 1.0
75 52 1.0
75 68 1.0
75 106 1.0
179 67 1.0
179 79 1.0
79 179 1.0
119 119 1.0
93 93 1.0
129 54 1.0
129 108 1.0
154 68 1.0
52 108 1.0
5 108 1.0
119 25 1.0
119 40 1.0
119 142 1.0
119 141 1.0
27 142 1.0
142 119 1.0
146 124 1.0
127 67 1.0
57 47 1.0
28 8 1.0
108 154 1.0
60 177 1.0
127 133 1.0
27 91 1.0
127 57 1.0
23 51 1.0
158 155 1.0
119 20 1.0
93 146 1.0
60 119 1.0
60 141 1.0
60 144 1.0
4 119 1.0
4 141 1.0
66 28 1.0
119 48 1.0
119 60 1.0
119 63 1.0
119 127 1.0
119 165 1.0
119 177 1.0
147 64 1.0
147 97 1.0
57 110 1.0
57 27 1.0
18 4 1.0
18 117 1.0
158 11 1.0
96 123 1.0
60 165 1.0
179 95 1.0
168 123 1.0
66 170 1.0
67 28 1.0
67 179 1.0
123 123 1.0
152 170 1.0
170 152 1.0
140 157 1.0
28 148 1.0
125 96 1.0
27 57 1.0
127 141 1.0
127 149 1.0
149 120 1.0
154 129 1.0
57 67 1.0
87 65 1.0
156 102 1.0
156 128 1.0
98 57 1.0
34 123 1.0
47 141 1.0
129 52 1.0
28 59 1.0
28 147 1.0
28 57 1.0
28 71 1.0
28 130 1.0
28 141 1.0
28 174 1.0
40 40 1.0
158 67 1.0
42 37 1.0
138 57 1.0
168 152 1.0
57 138 1.0
96 125 1.0
30 11 1.0
52 5 1.0
127 119 1.0
147 146 1.0
93 66 1.0
129 106 1.0
129 129 1.0
22 22 1.0
83 22 1.0
83 47 1.0
83 57 1.0
83 79 1.0
83 141 1.0
83 158 1.0
83 174 1.0
28 28 1.0
158 141 1.0
158 174 1.0
97 83 1.0
59 146 1.0
179 83 1.0
127 48 1.0
127 63 1.0
64 159 1.0
83 179 1.0
168 125 1.0
141 144 1.0
146 93 1.0
158 108 1.0
57 91 1.0
30 51 1.0
138 106 1.0
60 127 1.0
83 17 1.0
57 66 1.0
60 60 1.0
113 83 1.0
113 148 1.0
79 168 1.0
83 147 1.0
64 146 1.0
158 106 1.0
57 50 1.0
83 106 1.0
119 149 1.0
177 60 1.0
57 127 1.0
57 155 1.0
104 125 1.0
37 170 1.0
83 154 1.0
83 66 1.0
23 30 1.0
79 66 1.0
158 47 1.0
64 164 1.0
91 98 1.0
138 98 1.0
12 170 1.0
176 57 1.0
170 5 1.0
58 58 1.0
141 63 1.0
164 179 1.0
104 96 1.0
104 99 1.0
125 104 1.0
115 147 1.0
115 164 1.0
147 115 1.0
59 28 1.0
97 179 1.0
149 64 1.0
176 98 1.0
110 164 1.0
23 161 1.0
23 170 1.0
126 19 1.0
126 97 1.0
126 150 1.0
5 170 1.0
164 28 1.0
114 129 1.0
66 111 1.0
28 124 1.0
119 144 1.0
159 26 1.0
159 96 1.0
159 104 1.0
159 125 1.0
116 51 1.0
96 168 1.0
113 5 1.0
57 83 1.0
57 85 1.0
57 141 1.0
59 83 1.0
148 154 1.0
51 124 1.0
146 96 1.0
129 67 1.0
158 83 1.0
125 159 1.0
67 129 1.0
39 170 1.0
141 121 1.0
99 96 1.0
99 104 1.0
99 125 1.0
164 67 1.0
79 52 1.0
164 58 1.0
96 109 1.0
158 4 1.0
158 127 1.0
83 71 1.0
154 62 1.0
106 5 1.0
113 147 1.0
25 81 1.0
87 33 1.0
127 60 1.0
71 158 1.0
71 174 1.0
113 179 1.0
158 79 1.0
158 128 1.0
163 115 1.0
163 156 1.0
163 166 1.0
163 170 1.0
8 162 1.0
57 4 1.0
141 20 1.0
113 67 1.0
28 79 1.0
158 140 1.0
156 163 1.0
30 177 1.0
170 163 1.0
129 154 1.0
146 12 1.0
127 94 1.0
129 28 1.0
116 23 1.0
126 65 1.0
79 108 1.0
155 158 1.0
30 116 1.0
26 26 1.0
26 96 1.0
26 125 1.0
26 168 1.0
164 159 1.0
79 141 1.0
83 37 1.0
83 68 1.0
83 164 1.0
8 97 1.0
79 102 1.0
79 140 1.0
179 57 1.0
52 83 1.0
52 158 1.0
7 47 1.0
33 65 1.0
33 78 1.0
33 87 1.0
20 149 1.0
158 3 1.0
158 157 1.0
158 167 1.0
158 71 1.0
158 102 1.0
23 23 1.0
156 93 1.0
179 181 1.0
61 98 1.0
155 67 1.0
142 4 1.0
147 95 1.0
79 47 1.0
79 57 1.0
79 158 1.0
87 78 1.0
168 37 1.0
28 68 1.0
181 47 1.0
181 57 1.0
181 71 1.0
181 79 1.0
181 83 1.0
181 97 1.0
181 141 1.0
181 158 1.0
181 174 1.0
181 179 1.0
158 181 1.0
168 42 1.0
93 82 1.0
71 51 1.0
47 79 1.0
30 158 1.0
158 144 1.0
27 168 1.0
64 64 1.0
93 156 1.0
152 99 1.0
115 163 1.0
159 24 1.0
40 117 1.0
28 39 1.0
64 149 1.0
117 11 1.0
117 40 1.0
117 47 1.0
117 48 1.0
117 57 1.0
117 60 1.0
117 117 1.0
117 119 1.0
117 127 1.0
117 140 1.0
117 158 1.0
117 165 1.0
117 177 1.0
52 148 1.0
40 140 1.0
140 40 1.0
168 24 1.0
146 59 1.0
34 125 1.0
34 64 1.0
64 34 1.0
127 20 1.0
141 174 1.0
47 83 1.0
93 97 1.0
129 114 1.0
47 11 1.0
39 84 1.0
17 97 1.0
170 67 1.0
170 79 1.0
170 97 1.0
159 110 1.0
83 5 1.0
57 98 1.0
12 47 1.0
12 57 1.0
12 71 1.0
12 79 1.0
12 115 1.0
12 130 1.0
12 141 1.0
12 154 1.0
12 158 1.0
12 174 1.0
127 140 1.0
127 177 1.0
127 165 1.0
12 23 1.0
12 51 1.0
12 93 1.0
12 124 1.0
12 161 1.0
129 5 1.0
138 138 1.0
40 62 1.0
127 83 1.0
102 140 1.0
83 127 1.0
164 124 1.0
148 83 1.0
158 30 1.0
57 158 1.0
172 51 1.0
172 116 1.0
40 25 1.0
116 172 1.0
81 25 1.0
140 127 1.0
140 177 1.0
25 174 1.0
125 125 1.0
59 179 1.0
40 27 1.0
82 11 1.0
82 18 1.0
82 158 1.0
42 168 1.0
51 172 1.0
17 139 1.0
144 177 1.0
96 96 1.0
164 162 1.0
111 163 1.0
64 110 1.0
155 155 1.0
93 113 1.0
51 30 1.0
93 163 1.0
57 79 1.0
147 113 1.0
93 28 1.0
79 71 1.0
39 59 1.0
141 66 1.0
79 79 1.0
79 42 1.0
61 23 1.0
61 82 1.0
110 147 1.0
164 52 1.0
67 113 1.0
67 79 1.0
159 115 1.0
140 158 1.0
58 68 1.0
58 95 1.0
18 11 1.0
113 113 1.0
127 144 1.0
85 83 1.0
167 161 1.0
3 145 1.0
79 97 1.0
79 85 1.0
93 124 1.0
67 106 1.0
3 158 1.0
141 28 1.0
148 28 1.0
148 146 1.0
148 148 1.0
27 62 1.0
146 64 1.0
142 27 1.0
146 83 1.0
146 3 1.0
146 176 1.0
127 127 1.0
163 61 1.0
58 146 1.0
93 39 1.0
164 129 1.0
39 93 1.0
37 42 1.0
37 168 1.0
23 115 1.0
23 146 1.0
125 168 1.0
61 163 1.0
61 166 1.0
61 170 1.0
110 158 1.0
138 61 1.0
83 59 1.0
28 95 1.0
156 161 1.0
67 57 1.0
34 24 1.0
34 162 1.0
3 155 1.0
92 92 1.0
49 80 1.0
57 61 1.0
57 176 1.0
144 172 1.0
67 5 1.0
158 81 1.0
113 129 1.0
119 91 1.0
119 168 1.0
141 5 1.0
12 166 1.0
42 81 1.0
64 113 1.0
99 99 1.0
144 20 1.0
104 34 1.0
104 168 1.0
96 26 1.0
129 113 1.0
67 54 1.0
142 62 1.0
106 58 1.0
106 148 1.0
106 162 1.0
106 164 1.0
28 85 1.0
51 115 1.0
28 22 1.0
28 47 1.0
28 84 1.0
125 99 1.0
177 144 1.0
24 152 1.0
164 83 1.0
104 26 1.0
177 127 1.0
27 37 1.0
82 51 1.0
144 18 1.0
144 127 1.0
164 113 1.0
64 94 1.0
33 101 1.0
34 178 1.0
88 88 1.0
66 7 1.0
23 7 1.0
7 23 1.0
168 102 1.0
57 117 1.0
64 80 1.0
154 164 1.0
144 119 1.0
59 59 1.0
162 164 1.0
51 18 1.0
177 177 1.0
23 98 1.0
23 61 1.0
138 115 1.0
170 124 1.0
159 64 1.0
133 168 1.0
162 152 1.0
162 178 1.0
124 170 1.0
129 83 1.0
115 93 1.0
93 115 1.0
39 112 1.0
158 28 1.0
170 37 1.0
170 128 1.0
119 62 1.0
162 52 1.0
124 39 1.0
124 66 1.0
14 31 1.0
14 80 1.0
98 23 1.0
108 124 1.0
106 115 1.0
106 124 1.0
106 170 1.0
129 179 1.0
157 18 1.0
80 132 1.0
80 153 1.0
92 31 1.0
92 80 1.0
92 120 1.0
92 130 1.0
92 143 1.0
124 5 1.0
124 108 1.0
152 178 1.0
152 159 1.0
162 162 1.0
100 92 1.0
5 52 1.0
96 34 1.0
27 42 1.0
63 48 1.0
63 94 1.0
63 119 1.0
63 127 1.0
63 165 1.0
63 177 1.0
164 146 1.0
14 132 1.0
162 159 1.0
138 176 1.0
71 40 1.0
154 7 1.0
82 89 1.0
148 113 1.0
47 77 1.0
61 30 1.0
59 149 1.0
148 52 1.0
80 143 1.0
56 132 1.0
143 80 1.0
143 132 1.0
154 179 1.0
116 116 1.0
92 100 1.0
83 50 1.0
83 55 1.0
83 94 1.0
83 126 1.0
83 150 1.0
83 160 1.0
7 7 1.0
7 116 1.0
81 81 1.0
81 158 1.0
106 52 1.0
92 14 1.0
83 95 1.0
178 159 1.0
178 162 1.0
61 61 1.0
168 127 1.0
98 138 1.0
12 12 1.0
80 92 1.0
162 24 1.0
96 104 1.0
42 27 1.0
42 91 1.0
7 100 1.0
161 30 1.0
40 23 1.0
48 48 1.0
104 109 1.0
14 105 1.0
14 143 1.0
23 40 1.0
39 124 1.0
147 147 1.0
109 34 1.0
109 104 1.0
109 109 1.0
109 168 1.0
129 68 1.0
181 181 1.0
129 148 1.0
129 164 1.0
42 42 1.0
14 92 1.0
91 62 1.0
59 97 1.0
58 113 1.0
7 28 1.0
64 28 1.0
64 83 1.0
115 140 1.0
140 115 1.0
97 19 1.0
92 49 1.0
100 156 1.0
100 166 1.0
63 141 1.0
177 117 1.0
104 159 1.0
100 141 1.0
147 60 1.0
147 141 1.0
166 100 1.0
77 17 1.0
147 66 1.0
64 66 1.0
66 141 1.0
164 66 1.0
152 24 1.0
101 78 1.0
59 113 1.0
78 101 1.0
5 79 1.0
156 61 1.0
50 66 1.0
113 58 1.0
141 59 1.0
141 64 1.0
141 146 1.0
141 147 1.0
141 164 1.0
82 81 1.0
3 11 1.0
3 18 1.0
3 89 1.0
3 140 1.0
3 157 1.0
3 167 1.0
52 79 1.0
147 67 1.0
67 147 1.0
60 3 1.0
147 52 1.0
147 68 1.0
147 108 1.0
147 129 1.0
49 92 1.0
177 63 1.0
177 119 1.0
67 108 1.0
71 28 1.0
71 52 1.0
71 68 1.0
71 83 1.0
8 179 1.0
151 151 1.0
115 37 1.0
115 79 1.0
92 149 1.0
141 85 1.0
164 141 1.0
81 82 1.0
164 149 1.0
64 141 1.0
81 42 1.0
128 79 1.0
170 146 1.0
146 170 1.0
115 84 1.0
67 155 1.0
81 50 1.0
81 57 1.0
81 94 1.0
81 117 1.0
81 140 1.0
81 141 1.0
60 20 1.0
20 60 1.0
179 8 1.0
142 61 1.0
142 98 1.0
52 179 1.0
100 23 1.0
23 100 1.0
23 177 1.0
158 97 1.0
60 7 1.0
30 61 1.0
66 93 1.0
59 54 1.0
67 67 1.0
143 92 1.0
156 97 1.0
27 81 1.0
67 47 1.0
67 97 1.0
67 127 1.0
67 141 1.0
179 47 1.0
164 127 1.0
59 57 1.0
59 141 1.0
127 7 1.0
60 133 1.0
128 81 1.0
67 158 1.0
47 65 1.0
71 23 1.0
11 11 1.0
121 141 1.0
84 83 1.0
164 158 1.0
102 79 1.0
97 154 1.0
4 57 1.0
5 27 1.0
33 33 1.0
56 14 1.0
56 31 1.0
142 42 1.0
42 142 1.0
127 116 1.0
34 116 1.0
142 138 1.0
97 28 1.0
97 59 1.0
75 28 1.0
75 58 1.0
75 67 1.0
75 83 1.0
75 95 1.0
75 108 1.0
75 129 1.0
75 148 1.0
75 164 1.0
59 39 1.0
59 66 1.0
59 94 1.0
59 127 1.0
177 121 1.0
181 81 1.0
170 61 1.0
133 4 1.0
133 27 1.0
133 37 1.0
133 40 1.0
133 42 1.0
133 48 1.0
133 60 1.0
133 62 1.0
133 63 1.0
133 91 1.0
133 94 1.0
133 119 1.0
133 121 1.0
133 127 1.0
133 141 1.0
133 142 1.0
133 144 1.0
133 165 1.0
133 177 1.0
142 133 1.0
154 115 1.0
14 120 1.0
66 51 1.0
51 170 1.0
127 168 1.0
148 58 1.0
92 10 1.0
178 168 1.0
47 17 1.0
47 33 1.0
42 79 1.0
125 26 1.0
102 42 1.0
102 141 1.0
102 154 1.0
102 168 1.0
141 154 1.0
132 14 1.0
132 105 1.0
146 158 1.0
61 156 1.0
102 47 1.0
177 47 1.0
18 91 1.0
141 168 1.0
121 63 1.0
66 30 1.0
66 156 1.0
34 51 1.0
34 59 1.0
34 110 1.0
34 147 1.0
34 164 1.0
28 108 1.0
129 24 1.0
155 108 1.0
155 28 1.0
155 81 1.0
40 63 1.0
97 147 1.0
91 42 1.0
28 58 1.0
166 61 1.0
166 163 1.0
28 155 1.0
116 7 1.0
116 100 1.0
116 127 1.0
116 141 1.0
49 10 1.0
49 56 1.0
49 132 1.0
49 153 1.0
158 82 1.0
148 67 1.0
148 129 1.0
141 116 1.0
92 132 1.0
158 91 1.0
93 170 1.0
170 93 1.0
64 68 1.0
59 159 1.0
48 127 1.0
75 178 1.0
102 57 1.0
102 83 1.0
102 108 1.0
102 158 1.0
102 81 1.0
102 128 1.0
100 61 1.0
64 39 1.0
42 128 1.0
7 51 1.0
51 7 1.0
178 24 1.0
106 106 1.0
59 108 1.0
23 138 1.0
138 23 1.0
67 58 1.0
67 124 1.0
178 26 1.0
178 96 1.0
178 104 1.0
141 7 1.0
119 94 1.0
119 133 1.0
54 5 1.0
94 108 1.0
34 26 1.0
97 108 1.0
67 164 1.0
119 121 1.0
48 119 1.0
48 165 1.0
101 33 1.0
82 82 1.0
27 127 1.0
127 66 1.0
31 92 1.0
127 79 1.0
127 102 1.0
61 66 1.0
148 159 1.0
148 164 1.0
127 27 1.0
102 127 1.0
14 130 1.0
37 81 1.0
37 128 1.0
93 59 1.0
110 108 1.0
93 10 1.0
82 181 1.0
61 7 1.0
61 100 1.0
161 167 1.0
124 164 1.0
174 83 1.0
142 117 1.0
97 54 1.0
12 30 1.0
12 163 1.0
26 99 1.0
26 104 1.0
26 109 1.0
100 7 1.0
30 7 1.0
163 100 1.0
92 153 1.0
117 98 1.0
92 56 1.0
52 28 1.0
100 51 1.0
52 67 1.0
83 62 1.0
83 121 1.0
83 180 1.0
98 61 1.0
18 25 1.0
124 52 1.0
124 67 1.0
164 75 1.0
116 63 1.0
116 168 1.0
108 50 1.0
142 60 1.0
142 177 1.0
50 108 1.0
174 174 1.0
58 70 1.0
58 124 1.0
101 8 1.0
101 87 1.0
64 12 1.0
61 75 1.0
71 71 1.0
79 155 1.0
37 102 1.0
92 105 1.0
14 149 1.0
61 181 1.0
119 42 1.0
59 52 1.0
162 5 1.0
162 57 1.0
162 97 1.0
162 154 1.0
162 158 1.0
51 37 1.0
7 64 1.0
7 127 1.0
7 141 1.0
28 24 1.0
156 66 1.0
138 142 1.0
30 100 1.0
100 127 1.0
37 79 1.0
27 116 1.0
81 37 1.0
81 79 1.0
81 102 1.0
81 128 1.0
100 30 1.0
52 129 1.0
168 63 1.0
168 172 1.0
79 100 1.0
57 108 1.0
71 100 1.0
161 156 1.0
158 177 1.0
100 79 1.0
100 71 1.0
100 163 1.0
124 50 1.0
14 56 1.0
174 66 1.0
163 141 1.0
127 108 1.0
37 50 1.0
117 142 1.0
23 57 1.0
64 148 1.0
58 114 1.0
96 159 1.0
57 23 1.0
164 108 1.0
141 115 1.0
2 2 1.0
2 40 1.0
2 69 1.0
2 71 1.0
161 11 1.0
129 95 1.0
105 14 1.0
105 31 1.0
56 105 1.0
154 5 1.0
155 11 1.0
113 59 1.0
113 70 1.0
156 7 1.0
64 125 1.0
162 8 1.0
177 94 1.0
177 168 1.0
181 50 1.0
49 21 1.0
168 177 1.0
168 141 1.0
178 125 1.0
129 162 1.0
68 75 1.0
179 5 1.0
58 34 1.0
146 106 1.0
146 112 1.0
146 148 1.0
68 24 1.0
68 52 1.0
68 108 1.0
68 148 1.0
68 152 1.0
68 164 1.0
33 8 1.0
152 68 1.0
162 68 1.0
125 178 1.0
54 108 1.0
158 180 1.0
121 133 1.0
7 83 1.0
51 61 1.0
177 48 1.0
177 133 1.0
177 141 1.0
177 165 1.0
98 107 1.0
2 83 1.0
127 120 1.0
161 61 1.0
80 33 1.0
97 80 1.0
97 87 1.0
93 161 1.0
10 93 1.0
157 102 1.0
157 158 1.0
177 100 1.0
97 47 1.0
23 116 1.0
23 165 1.0
162 83 1.0
135 59 1.0
135 168 1.0
179 24 1.0
179 162 1.0
121 127 1.0
108 7 1.0
108 22 1.0
108 97 1.0
108 174 1.0
7 27 1.0
121 121 1.0
121 94 1.0
108 2 1.0
108 160 1.0
83 24 1.0
83 58 1.0
83 75 1.0
83 129 1.0
83 152 1.0
83 162 1.0
80 126 1.0
95 68 1.0
133 120 1.0
68 28 1.0
162 179 1.0
63 27 1.0
63 168 1.0
116 48 1.0
116 165 1.0
20 84 1.0
80 149 1.0
20 85 1.0
106 147 1.0
83 54 1.0
83 130 1.0
135 133 1.0
83 2 1.0
133 133 1.0
159 108 1.0
160 83 1.0
68 115 1.0
68 116 1.0
68 129 1.0
127 100 1.0
10 10 1.0
10 21 1.0
10 49 1.0
10 92 1.0
10 132 1.0
10 153 1.0
37 37 1.0
7 172 1.0
164 152 1.0
169 7 1.0
169 23 1.0
135 40 1.0
135 119 1.0
141 162 1.0
108 8 1.0
108 39 1.0
108 93 1.0
69 40 1.0
97 31 1.0
162 34 1.0
78 33 1.0
91 158 1.0
117 50 1.0
169 120 1.0
72 72 1.0
61 115 1.0
158 66 1.0
71 2 1.0
40 69 1.0
17 126 1.0
30 169 1.0
169 30 1.0
157 37 1.0
18 50 1.0
140 11 1.0
162 96 1.0
97 5 1.0
61 57 1.0
61 79 1.0
61 141 1.0
61 158 1.0
61 174 1.0
17 150 1.0
150 97 1.0
121 181 1.0
160 158 1.0
30 172 1.0
30 93 1.0
51 100 1.0
59 168 1.0
97 126 1.0
121 16 1.0
5 83 1.0
5 97 1.0
16 121 1.0
64 95 1.0
181 121 1.0
164 60 1.0
7 169 1.0
27 172 1.0
133 17 1.0
17 133 1.0
64 7 1.0
64 99 1.0
75 75 1.0
51 39 1.0
51 113 1.0
80 39 1.0
39 145 1.0
172 30 1.0
65 17 1.0
65 126 1.0
65 77 1.0
50 131 1.0
139 139 1.0
147 148 1.0
147 162 1.0
162 67 1.0
117 160 1.0
90 59 1.0
23 169 1.0
34 39 1.0
34 58 1.0
34 113 1.0
34 115 1.0
147 54 1.0
147 58 1.0
181 100 1.0
163 169 1.0
76 40 1.0
63 181 1.0
69 2 1.0
93 30 1.0
131 62 1.0
124 58 1.0
135 120 1.0
128 102 1.0
51 169 1.0
106 73 1.0
106 97 1.0
79 169 1.0
73 73 1.0
80 100 1.0
18 180 1.0
97 106 1.0
5 154 1.0
162 99 1.0
162 104 1.0
139 8 1.0
139 78 1.0
139 101 1.0
90 127 1.0
83 3 1.0
83 4 1.0
83 11 1.0
83 18 1.0
83 19 1.0
83 31 1.0
83 33 1.0
83 40 1.0
83 41 1.0
83 48 1.0
83 60 1.0
83 63 1.0
83 65 1.0
83 76 1.0
83 77 1.0
83 80 1.0
83 87 1.0
83 89 1.0
83 98 1.0
83 102 1.0
83 117 1.0
83 119 1.0
83 120 1.0
83 128 1.0
83 133 1.0
83 138 1.0
83 140 1.0
83 144 1.0
83 149 1.0
83 155 1.0
83 157 1.0
83 165 1.0
83 167 1.0
83 176 1.0
83 177 1.0
62 131 1.0
160 2 1.0
163 111 1.0
97 10 1.0
2 76 1.0
83 10 1.0
83 44 1.0
83 46 1.0
83 90 1.0
83 103 1.0
83 107 1.0
83 137 1.0
83 183 1.0
108 6 1.0
108 73 1.0
42 102 1.0
56 92 1.0
59 7 1.0
59 158 1.0
75 24 1.0
75 152 1.0
75 162 1.0
75 5 1.0
40 2 1.0
40 76 1.0
148 6 1.0
135 172 1.0
148 75 1.0
11 46 1.0
133 135 1.0
81 46 1.0
90 83 1.0
58 75 1.0
31 14 1.0
31 56 1.0
162 129 1.0
28 162 1.0
16 37 1.0
37 16 1.0
5 5 1.0
135 63 1.0
130 120 1.0
119 135 1.0
5 2 1.0
5 6 1.0
5 7 1.0
5 22 1.0
5 54 1.0
5 86 1.0
5 90 1.0
5 106 1.0
5 128 1.0
5 158 1.0
5 160 1.0
26 159 1.0
132 10 1.0
113 112 1.0
134 65 1.0
134 86 1.0
134 126 1.0
134 150 1.0
83 86 1.0
83 134 1.0
117 55 1.0
86 5 1.0
134 83 1.0
6 5 1.0
79 6 1.0
109 159 1.0
109 171 1.0
40 135 1.0
85 5 1.0
31 10 1.0
134 22 1.0
96 99 1.0
76 2 1.0
14 10 1.0
30 163 1.0
49 14 1.0
169 137 1.0
98 117 1.0
160 50 1.0
23 107 1.0
134 17 1.0
6 68 1.0
73 68 1.0
70 58 1.0
36 8 1.0
36 45 1.0
36 78 1.0
37 135 1.0
135 37 1.0
11 82 1.0
11 157 1.0
11 158 1.0
11 180 1.0
50 160 1.0
134 160 1.0
154 134 1.0
143 149 1.0
96 101 1.0
46 11 1.0
46 79 1.0
46 81 1.0
113 23 1.0
113 30 1.0
113 51 1.0
113 93 1.0
113 111 1.0
113 156 1.0
113 163 1.0
113 166 1.0
113 170 1.0
109 26 1.0
9 28 1.0
9 66 1.0
9 113 1.0
134 73 1.0
169 16 1.0
59 115 1.0
66 124 1.0
86 134 1.0
160 117 1.0
122 41 1.0
169 66 1.0
120 90 1.0
120 94 1.0
120 127 1.0
120 133 1.0
58 164 1.0
45 36 1.0
169 161 1.0
91 18 1.0
109 99 1.0
109 178 1.0
76 23 1.0
105 10 1.0
105 92 1.0
85 79 1.0
91 131 1.0
134 130 1.0
84 20 1.0
122 19 1.0
130 134 1.0
99 32 1.0
91 15 1.0
134 77 1.0
115 38 1.0
84 85 1.0
122 87 1.0
10 14 1.0
58 38 1.0
130 22 1.0
131 15 1.0
131 40 1.0
168 41 1.0
168 87 1.0
168 122 1.0
168 126 1.0
168 59 1.0
169 37 1.0
13 39 1.0
13 173 1.0
13 59 1.0
39 13 1.0
39 173 1.0
153 10 1.0
111 111 1.0
169 127 1.0
86 22 1.0
137 90 1.0
137 127 1.0
10 105 1.0
122 33 1.0
10 84 1.0
168 17 1.0
168 22 1.0
168 36 1.0
168 45 1.0
168 77 1.0
168 78 1.0
115 59 1.0
69 51 1.0
169 51 1.0
30 173 1.0
127 90 1.0
51 69 1.0
162 125 1.0
90 64 1.0
90 94 1.0
90 63 1.0
90 119 1.0
90 121 1.0
73 52 1.0
122 10 1.0
56 10 1.0
10 56 1.0
10 122 1.0
59 13 1.0
59 38 1.0
156 16 1.0
16 16 1.0
134 54 1.0
108 59 1.0
108 147 1.0
134 152 1.0
79 2 1.0
79 90 1.0
79 160 1.0
108 38 1.0
108 173 1.0
90 48 1.0
40 131 1.0
33 122 1.0
173 51 1.0
31 120 1.0
31 130 1.0
31 143 1.0
31 149 1.0
90 158 1.0
160 55 1.0
160 98 1.0
160 107 1.0
160 176 1.0
134 108 1.0
131 50 1.0
131 98 1.0
93 173 1.0
134 184 1.0
13 38 1.0
92 184 1.0
71 108 1.0
21 10 1.0
85 84 1.0
10 31 1.0
10 120 1.0
10 130 1.0
33 45 1.0
87 122 1.0
122 149 1.0
134 33 1.0
86 33 1.0
7 108 1.0
28 64 1.0
64 52 1.0
64 108 1.0
86 160 1.0
90 137 1.0
13 64 1.0
13 164 1.0
164 13 1.0
90 7 1.0
39 38 1.0
90 160 1.0
38 13 1.0
38 39 1.0
38 51 1.0
38 93 1.0
38 124 1.0
38 156 1.0
38 173 1.0
108 134 1.0
173 13 1.0
111 30 1.0
184 184 1.0
64 90 1.0
10 143 1.0
30 2 1.0
127 103 1.0
127 137 1.0
131 42 1.0
131 91 1.0
127 62 1.0
127 121 1.0
134 168 1.0
7 60 1.0
164 112 1.0
137 94 1.0
137 103 1.0
122 14 1.0
164 38 1.0
79 134 1.0
111 148 1.0
38 30 1.0
38 111 1.0
38 163 1.0
38 166 1.0
38 170 1.0
38 28 1.0
38 52 1.0
38 83 1.0
134 59 1.0
134 147 1.0
127 135 1.0
124 6 1.0
168 147 1.0
30 69 1.0
146 47 1.0
146 127 1.0
146 130 1.0
146 141 1.0
146 179 1.0
74 74 1.0
33 17 1.0
33 150 1.0
168 35 1.0
168 134 1.0
64 35 1.0
85 117 1.0
35 108 1.0
74 147 1.0
17 86 1.0
74 95 1.0
64 74 1.0
64 47 1.0
64 97 1.0
64 127 1.0
64 130 1.0
64 179 1.0
64 13 1.0
64 22 1.0
64 73 1.0
64 86 1.0
64 134 1.0
74 35 1.0
74 58 1.0
13 124 1.0
13 35 1.0
37 5 1.0
99 159 1.0
30 103 1.0
35 147 1.0
96 178 1.0
178 99 1.0
137 133 1.0
137 137 1.0
99 152 1.0
99 178 1.0
168 33 1.0
168 65 1.0
168 86 1.0
168 150 1.0
108 84 1.0
108 86 1.0
108 90 1.0
108 116 1.0
108 127 1.0
108 130 1.0
101 96 1.0
137 7 1.0
109 125 1.0
75 147 1.0
73 6 1.0
121 62 1.0
153 31 1.0
153 92 1.0
147 35 1.0
147 74 1.0
168 7 1.0
68 6 1.0
68 38 1.0
68 58 1.0
68 73 1.0
68 74 1.0
68 83 1.0
68 90 1.0
68 95 1.0
68 147 1.0
68 154 1.0
68 162 1.0
73 99 1.0
74 64 1.0
68 68 1.0
35 13 1.0
35 28 1.0
35 38 1.0
35 52 1.0
35 64 1.0
35 74 1.0
35 83 1.0
52 68 1.0
73 75 1.0
99 73 1.0
135 35 1.0
162 148 1.0
35 168 1.0
13 34 1.0
13 58 1.0
85 158 1.0
17 84 1.0
99 34 1.0
104 171 1.0
52 154 1.0
73 108 1.0
134 79 1.0
73 134 1.0
68 5 1.0
68 7 1.0
68 34 1.0
68 35 1.0
68 134 1.0
68 159 1.0
184 29 1.0
73 170 1.0
52 6 1.0
132 132 1.0
38 9 1.0
137 64 1.0
64 137 1.0
99 171 1.0
108 44 1.0
108 117 1.0
108 150 1.0
85 17 1.0
5 81 1.0
84 127 1.0
158 85 1.0
74 28 1.0
74 52 1.0
24 96 1.0
24 99 1.0
24 104 1.0
24 125 1.0
24 171 1.0
74 83 1.0
74 108 1.0
74 162 1.0
90 55 1.0
15 131 1.0
29 108 1.0
29 134 1.0
29 154 1.0
29 184 1.0
38 38 1.0
77 54 1.0
77 86 1.0
77 150 1.0
172 63 1.0
7 114 1.0
5 42 1.0
137 119 1.0
126 134 1.0
137 62 1.0
137 121 1.0
173 30 1.0
38 58 1.0
73 154 1.0
129 6 1.0
134 122 1.0
122 134 1.0
22 150 1.0
84 43 1.0
35 35 1.0
2 108 1.0
51 173 1.0
38 74 1.0
173 39 1.0
173 93 1.0
30 107 1.0
134 135 1.0
6 52 1.0
6 148 1.0
95 2 1.0
95 5 1.0
95 6 1.0
95 7 1.0
95 8 1.0
95 16 1.0
95 20 1.0
95 22 1.0
95 24 1.0
95 28 1.0
95 33 1.0
95 35 1.0
95 37 1.0
95 42 1.0
95 43 1.0
95 52 1.0
95 54 1.0
95 58 1.0
95 62 1.0
95 63 1.0
95 70 1.0
95 74 1.0
95 79 1.0
95 83 1.0
95 84 1.0
95 86 1.0
95 87 1.0
95 90 1.0
95 91 1.0
95 95 1.0
95 103 1.0
95 108 1.0
95 116 1.0
95 119 1.0
95 121 1.0
95 127 1.0
95 129 1.0
95 130 1.0
95 131 1.0
95 132 1.0
95 133 1.0
95 134 1.0
95 135 1.0
95 148 1.0
95 152 1.0
95 154 1.0
95 158 1.0
95 160 1.0
95 162 1.0
95 180 1.0
95 184 1.0
90 13 1.0
74 134 1.0
73 74 1.0
73 83 1.0
95 73 1.0
95 147 1.0
90 103 1.0
90 177 1.0
74 73 1.0
64 10 1.0
85 128 1.0
99 26 1.0
95 38 1.0
62 7 1.0
29 29 1.0
85 91 1.0
86 52 1.0
17 50 1.0
26 178 1.0
127 2 1.0
127 40 1.0
127 76 1.0
117 17 1.0
17 117 1.0
162 95 1.0
64 145 1.0
52 38 1.0
84 17 1.0
172 172 1.0
172 175 1.0
135 116 1.0
135 175 1.0
108 64 1.0
19 33 1.0
19 87 1.0
17 65 1.0
121 69 1.0
124 74 1.0
137 100 1.0
74 159 1.0
35 39 1.0
96 24 1.0
96 32 1.0
96 152 1.0
96 171 1.0
75 6 1.0
75 38 1.0
75 70 1.0
75 74 1.0
52 74 1.0
52 95 1.0
7 137 1.0
133 137 1.0
116 175 1.0
134 35 1.0
154 184 1.0
78 78 1.0
35 134 1.0
184 83 1.0
184 108 1.0
184 134 1.0
184 154 1.0
13 147 1.0
74 6 1.0
74 38 1.0
74 129 1.0
74 148 1.0
95 124 1.0
122 65 1.0
75 73 1.0
75 90 1.0
75 154 1.0
16 2 1.0
16 40 1.0
16 71 1.0
16 76 1.0
78 87 1.0
99 114 1.0
13 74 1.0
40 16 1.0
78 45 1.0
114 114 1.0
135 48 1.0
135 62 1.0
135 90 1.0
135 94 1.0
135 103 1.0
135 121 1.0
135 127 1.0
135 137 1.0
135 177 1.0
42 15 1.0
42 131 1.0
125 114 1.0
38 75 1.0
184 22 1.0
184 86 1.0
184 150 1.0
170 134 1.0
122 184 1.0
114 99 1.0
29 122 1.0
170 173 1.0
83 184 1.0
18 85 1.0
54 83 1.0
147 134 1.0
8 33 1.0
99 129 1.0
51 175 1.0
130 127 1.0
8 77 1.0
62 48 1.0
62 119 1.0
62 127 1.0
85 86 1.0
175 63 1.0
175 116 1.0
175 172 1.0
104 114 1.0
19 19 1.0
133 149 1.0
127 130 1.0
36 139 1.0
137 83 1.0
175 7 1.0
91 3 1.0
91 11 1.0
91 44 1.0
91 46 1.0
91 82 1.0
91 85 1.0
91 89 1.0
91 180 1.0
91 183 1.0
131 119 1.0
7 90 1.0
99 24 1.0
162 74 1.0
7 175 1.0
58 13 1.0
34 38 1.0
38 34 1.0
36 22 1.0
24 178 1.0
171 178 1.0
139 36 1.0
63 133 1.0
24 34 1.0
81 5 1.0
107 30 1.0
24 162 1.0
5 102 1.0
125 24 1.0
154 73 1.0
7 150 1.0
121 90 1.0
152 34 1.0
104 24 1.0
107 107 1.0
147 13 1.0
147 38 1.0
94 83 1.0
125 109 1.0
108 11 1.0
108 94 1.0
108 102 1.0
108 128 1.0
108 175 1.0
171 99 1.0
184 16 1.0
94 73 1.0
73 94 1.0
105 56 1.0
171 114 1.0
119 17 1.0
79 3 1.0
125 171 1.0
19 41 1.0
19 122 1.0
41 19 1.0
41 122 1.0
104 178 1.0
130 94 1.0
148 184 1.0
175 51 1.0
159 178 1.0
74 124 1.0
17 63 1.0
17 121 1.0
31 184 1.0
148 73 1.0
127 17 1.0
40 127 1.0
63 149 1.0
73 148 1.0
171 159 1.0
153 21 1.0
153 49 1.0
153 153 1.0
8 95 1.0
85 180 1.0
108 24 1.0
173 173 1.0
79 46 1.0
46 44 1.0
154 6 1.0
154 38 1.0
154 58 1.0
154 74 1.0
154 95 1.0
154 152 1.0
154 162 1.0
154 75 1.0
154 2 1.0
154 8 1.0
154 11 1.0
154 19 1.0
154 22 1.0
154 33 1.0
154 41 1.0
154 42 1.0
154 44 1.0
154 46 1.0
154 48 1.0
154 50 1.0
154 54 1.0
154 55 1.0
154 65 1.0
154 69 1.0
154 71 1.0
154 76 1.0
154 77 1.0
154 78 1.0
154 79 1.0
154 81 1.0
154 86 1.0
154 87 1.0
154 90 1.0
154 94 1.0
154 101 1.0
154 102 1.0
154 103 1.0
154 107 1.0
154 117 1.0
154 122 1.0
154 126 1.0
154 128 1.0
154 131 1.0
154 139 1.0
154 150 1.0
154 157 1.0
154 158 1.0
154 160 1.0
154 176 1.0
74 154 1.0
83 38 1.0
109 24 1.0
36 77 1.0
36 150 1.0
134 148 1.0
99 109 1.0
107 50 1.0
175 48 1.0
158 160 1.0
129 38 1.0
129 58 1.0
129 70 1.0
129 74 1.0
129 75 1.0
6 79 1.0
118 118 1.0
74 90 1.0
171 34 1.0
93 51 1.0
6 108 1.0
127 158 1.0
24 159 1.0
178 34 1.0
43 43 1.0
81 11 1.0
81 85 1.0
38 108 1.0
6 129 1.0
7 17 1.0
6 6 1.0
114 125 1.0
85 85 1.0
79 11 1.0
127 173 1.0
7 85 1.0
177 135 1.0
94 127 1.0
133 7 1.0
133 46 1.0
133 55 1.0
133 90 1.0
133 100 1.0
133 102 1.0
133 103 1.0
133 131 1.0
133 158 1.0
133 160 1.0
131 133 1.0
94 90 1.0
94 121 1.0
152 74 1.0
183 91 1.0
62 63 1.0
114 152 1.0
114 171 1.0
114 178 1.0
92 21 1.0
121 135 1.0
131 117 1.0
131 160 1.0
134 39 1.0
177 103 1.0
13 13 1.0
46 85 1.0
119 120 1.0
58 52 1.0
34 9 1.0
152 114 1.0
70 9 1.0
70 13 1.0
70 23 1.0
70 39 1.0
70 113 1.0
70 124 1.0
70 173 1.0
2 89 1.0
128 44 1.0
127 50 1.0
71 16 1.0
71 44 1.0
71 69 1.0
71 76 1.0
178 114 1.0
145 145 1.0
184 42 1.0
48 62 1.0
85 11 1.0
71 95 1.0
93 134 1.0
134 93 1.0
173 38 1.0
114 9 1.0
64 104 1.0
64 171 1.0
83 6 1.0
119 175 1.0
6 83 1.0
171 101 1.0
116 35 1.0
73 5 1.0
44 2 1.0
44 44 1.0
44 71 1.0
44 79 1.0
124 13 1.0
54 184 1.0
6 84 1.0
128 100 1.0
79 44 1.0
137 48 1.0
137 63 1.0
137 177 1.0
84 6 1.0
6 38 1.0
160 46 1.0
160 79 1.0
160 127 1.0
160 160 1.0
2 44 1.0
120 130 1.0
120 149 1.0
46 160 1.0
173 127 1.0
34 13 1.0
83 73 1.0
127 117 1.0
22 8 1.0
22 77 1.0
22 134 1.0
96 95 1.0
44 52 1.0
44 83 1.0
20 10 1.0
58 24 1.0
58 162 1.0
6 95 1.0
184 39 1.0
108 74 1.0
17 20 1.0
162 58 1.0
156 173 1.0
114 101 1.0
15 15 1.0
19 65 1.0
11 85 1.0
137 173 1.0
127 160 1.0
35 73 1.0
119 117 1.0
44 158 1.0
103 48 1.0
103 63 1.0
103 119 1.0
103 137 1.0
103 177 1.0
158 44 1.0
90 2 1.0
77 134 1.0
159 74 1.0
75 79 1.0
8 22 1.0
26 114 1.0
149 83 1.0
44 108 1.0
9 9 1.0
117 131 1.0
7 94 1.0
114 104 1.0
184 50 1.0
79 127 1.0
18 183 1.0
166 30 1.0
121 137 1.0
111 51 1.0
111 173 1.0
148 95 1.0
13 83 1.0
13 108 1.0
13 148 1.0
79 50 1.0
69 16 1.0
78 36 1.0
42 5 1.0
84 160 1.0
81 180 1.0
94 50 1.0
91 91 1.0
50 37 1.0
39 111 1.0
73 124 1.0
8 150 1.0
124 73 1.0
160 173 1.0
173 148 1.0
127 91 1.0
102 5 1.0
101 99 1.0
101 114 1.0
173 108 1.0
5 46 1.0
116 135 1.0
158 173 1.0
50 94 1.0
103 127 1.0
46 46 1.0
64 182 1.0
75 182 1.0
108 182 1.0
9 34 1.0
98 55 1.0
180 85 1.0
173 107 1.0
106 182 1.0
182 108 1.0
91 94 1.0
91 177 1.0
91 48 1.0
91 63 1.0
91 90 1.0
91 103 1.0
91 119 1.0
91 127 1.0
91 137 1.0
39 36 1.0
39 134 1.0
52 106 1.0
134 36 1.0
183 18 1.0
33 36 1.0
73 162 1.0
11 102 1.0
91 121 1.0
106 6 1.0
106 38 1.0
106 70 1.0
106 74 1.0
106 152 1.0
85 7 1.0
85 50 1.0
85 81 1.0
85 94 1.0
85 150 1.0
108 71 1.0
152 96 1.0
30 175 1.0
175 30 1.0
182 52 1.0
121 91 1.0
81 73 1.0
124 83 1.0
74 182 1.0
172 7 1.0
18 46 1.0
35 159 1.0
5 71 1.0
83 182 1.0
74 106 1.0
172 135 1.0
152 9 1.0
15 91 1.0
33 22 1.0
148 108 1.0
9 99 1.0
148 38 1.0
94 62 1.0
131 3 1.0
131 18 1.0
131 44 1.0
131 46 1.0
131 82 1.0
131 85 1.0
131 89 1.0
131 158 1.0
131 180 1.0
131 183 1.0
71 102 1.0
137 74 1.0
44 46 1.0
176 95 1.0
44 176 1.0
183 95 1.0
103 91 1.0
55 52 1.0
176 52 1.0
176 83 1.0
108 107 1.0
131 11 1.0
131 131 1.0
124 38 1.0
63 172 1.0
183 137 1.0
52 176 1.0
163 173 1.0
145 35 1.0
152 32 1.0
125 9 1.0
173 152 1.0
107 108 1.0
7 35 1.0
39 108 1.0
63 91 1.0
154 127 1.0
52 71 1.0
90 52 1.0
6 74 1.0
91 7 1.0
91 17 1.0
91 116 1.0
91 120 1.0
91 149 1.0
91 175 1.0
116 91 1.0
52 90 1.0
9 171 1.0
147 6 1.0
147 182 1.0
32 152 1.0
32 162 1.0
104 9 1.0
99 9 1.0
180 44 1.0
70 166 1.0
9 114 1.0
163 30 1.0
163 107 1.0
35 135 1.0
108 156 1.0
10 1 1.0
65 33 1.0
5 11 1.0
5 85 1.0
5 180 1.0
9 104 1.0
44 128 1.0
9 109 1.0
3 44 1.0
51 38 1.0
24 24 1.0
6 73 1.0
103 7 1.0
103 100 1.0
74 39 1.0
9 125 1.0
125 152 1.0
152 125 1.0
152 104 1.0
104 152 1.0
1 10 1.0
1 92 1.0
108 51 1.0
108 35 1.0
90 37 1.0
8 54 1.0
51 108 1.0
54 8 1.0
119 131 1.0
182 83 1.0
124 154 1.0
109 9 1.0
119 103 1.0
156 134 1.0
85 3 1.0
85 44 1.0
85 46 1.0
85 82 1.0
44 85 1.0
102 37 1.0
75 124 1.0
39 83 1.0
109 152 1.0
71 173 1.0
96 9 1.0
35 182 1.0
148 182 1.0
182 148 1.0
51 156 1.0
180 50 1.0
21 14 1.0
74 13 1.0
24 52 1.0
24 95 1.0
84 108 1.0
7 103 1.0
7 177 1.0
177 40 1.0
163 39 1.0
163 93 1.0
2 16 1.0
35 145 1.0
86 17 1.0
158 46 1.0
121 50 1.0
121 177 1.0
93 34 1.0
177 50 1.0
86 50 1.0
108 120 1.0
108 149 1.0
34 93 1.0
163 51 1.0
51 163 1.0
35 31 1.0
35 22 1.0
22 35 1.0
180 81 1.0
1 153 1.0
69 173 1.0
40 15 1.0
149 31 1.0
149 130 1.0
154 39 1.0
18 173 1.0
50 98 1.0
93 13 1.0
54 54 1.0
83 124 1.0
127 84 1.0
39 163 1.0
163 134 1.0
163 31 1.0
109 162 1.0
111 108 1.0
108 111 1.0
9 152 1.0
134 163 1.0
73 58 1.0
108 184 1.0
109 114 1.0
134 134 1.0
1 49 1.0
1 21 1.0
148 5 1.0
50 50 1.0
153 1 1.0
51 76 1.0
17 33 1.0
99 162 1.0
7 2 1.0
7 79 1.0
7 158 1.0
7 160 1.0
73 179 1.0
16 69 1.0
134 52 1.0
125 64 1.0
184 54 1.0
3 51 1.0
33 39 1.0
33 134 1.0
184 163 1.0
163 22 1.0
163 54 1.0
163 86 1.0
163 184 1.0
54 134 1.0
184 31 1.0
136 42 1.0
166 93 1.0
171 26 1.0
38 70 1.0
38 106 1.0
56 49 1.0
2 158 1.0
154 182 1.0
182 154 1.0
158 2 1.0
131 127 1.0
127 131 1.0
15 160 1.0
178 9 1.0
178 171 1.0
171 9 1.0
182 147 1.0
15 42 1.0
136 10 1.0
21 1 1.0
55 50 1.0
107 44 1.0
136 136 1.0
184 33 1.0
143 56 1.0
17 17 1.0
54 73 1.0
86 126 1.0
184 91 1.0
91 184 1.0
135 128 1.0
145 64 1.0
26 9 1.0
26 171 1.0
131 90 1.0
73 54 1.0
171 125 1.0
160 52 1.0
160 108 1.0
160 134 1.0
126 86 1.0
15 173 1.0
93 111 1.0
93 166 1.0
5 182 1.0
94 160 1.0
131 173 1.0
84 52 1.0
171 104 1.0
101 26 1.0
160 15 1.0
136 91 1.0
127 180 1.0
86 2 1.0
86 54 1.0
86 83 1.0
86 90 1.0
86 127 1.0
86 158 1.0
33 29 1.0
180 37 1.0
21 56 1.0
127 86 1.0
29 33 1.0
29 35 1.0
37 83 1.0
180 137 1.0
63 83 1.0
63 160 1.0
38 35 1.0
35 29 1.0
160 106 1.0
106 86 1.0
106 184 1.0
158 86 1.0
158 154 1.0
158 184 1.0
35 173 1.0
136 103 1.0
86 41 1.0
86 86 1.0
106 160 1.0
126 41 1.0
86 38 1.0
18 76 1.0
65 122 1.0
96 114 1.0
2 160 1.0
41 126 1.0
38 86 1.0
134 84 1.0
159 35 1.0
39 51 1.0
33 86 1.0
29 84 1.0
136 20 1.0
160 90 1.0
106 63 1.0
106 90 1.0
166 51 1.0
94 91 1.0
18 93 1.0
152 171 1.0
90 91 1.0
160 124 1.0
108 126 1.0
136 184 1.0
106 35 1.0
106 134 1.0
106 2 1.0
106 7 1.0
106 22 1.0
106 39 1.0
106 84 1.0
106 126 1.0
106 127 1.0
106 130 1.0
106 173 1.0
134 5 1.0
134 106 1.0
134 38 1.0
160 63 1.0
81 83 1.0
91 160 1.0
124 160 1.0
184 84 1.0
106 1 1.0
106 3 1.0
106 16 1.0
106 17 1.0
106 20 1.0
106 21 1.0
106 31 1.0
106 33 1.0
106 36 1.0
106 40 1.0
106 41 1.0
106 44 1.0
106 48 1.0
106 49 1.0
106 50 1.0
106 55 1.0
106 56 1.0
106 62 1.0
106 65 1.0
106 81 1.0
106 85 1.0
106 89 1.0
106 94 1.0
106 102 1.0
106 107 1.0
106 111 1.0
106 119 1.0
106 128 1.0
106 137 1.0
106 150 1.0
106 153 1.0
106 180 1.0
93 76 1.0
86 150 1.0
91 2 1.0
91 16 1.0
91 40 1.0
91 50 1.0
91 55 1.0
102 135 1.0
135 102 1.0
44 11 1.0
44 160 1.0
76 51 1.0
78 8 1.0
94 135 1.0
135 76 1.0
85 89 1.0
114 26 1.0
152 109 1.0
178 178 1.0
93 18 1.0
166 70 1.0
8 8 1.0
85 160 1.0
98 76 1.0
175 135 1.0
96 162 1.0
114 96 1.0
131 149 1.0
149 127 1.0
120 120 1.0
143 105 1.0
76 93 1.0
1 105 1.0
76 18 1.0
18 152 1.0
76 135 1.0
162 109 1.0
162 114 1.0
9 96 1.0
18 135 1.0
163 18 1.0
166 13 1.0
166 18 1.0
135 18 1.0
135 149 1.0
18 156 1.0
18 96 1.0
96 18 1.0
