1	49	0.9082395252
1	92	0.8255457426
1	105	0.5022218313
2	16	0.1214947194
2	40	0.5758563350
2	44	0.3385264094
2	69	0.0721846009
2	71	0.7844358622
2	76	0.1955835456
2	83	1.0763076014
2	89	0.6091015400
2	108	0.9577870415
2	158	0.6686110460
2	160	0.3268330400
3	11	0.4440214793
3	18	0.2226656738
3	44	0.8002403745
3	51	1.0419478991
3	89	0.2400787098
3	140	0.9617484913
3	145	0.8766747532
3	155	0.9273920179
3	157	0.8217659361
3	167	0.5997625856
4	57	0.3866365298
4	119	1.2436366877
4	141	1.2378556843
5	2	0.6439545336
5	6	0.0572027368
5	7	0.9416615888
5	11	0.4569988432
5	22	0.4187759874
5	27	0.9490981100
5	46	0.5740740753
5	71	1.0361724647
5	79	0.0761171008
5	81	0.0107634508
5	83	0.3642166687
5	90	0.9449384124
5	106	1.1624521080
5	108	0.2456961087
5	115	0.1229837099
5	128	0.5129196023
5	154	0.9311587738
5	158	0.9782600566
5	160	0.8073710536
5	170	0.3766648340
5	180	0.6602357666
5	182	0.9430976765
6	38	1.1039481869
6	68	0.5745080264
6	73	0.2801588051
6	74	0.4966619843
6	79	0.0189143640
6	83	0.3070139319
6	95	0.7368436650
6	108	0.1884933720
6	129	0.4944984236
6	148	0.0640464237
7	2	0.7022929448
7	17	0.1055565071
7	27	1.0074365212
7	28	0.3434384815
7	35	1.2389109092
7	47	0.9017409850
7	51	0.2265273483
7	64	1.0198321937
7	79	1.0963969616
7	83	0.4808934911
7	90	0.0065536472
7	94	0.6577456832
7	108	0.3623729311
7	114	0.9616133553
7	116	0.0253498914
7	137	0.2921728589
7	141	0.0393746427
7	150	0.1314111422
7	158	1.0365984678
7	160	0.8657094648
7	169	0.5599004247
7	177	0.9720884119
8	28	0.7011788809
8	33	0.0394800466
8	77	0.7943048333
8	95	1.2684636235
8	97	1.2162558864
8	150	0.3102813419
8	162	0.8664987297
8	179	0.9274524029
9	28	1.0824044635
9	34	0.5693193943
9	66	0.7984897019
9	96	0.3508449178
9	99	0.1079470771
9	109	0.3227881646
9	113	1.2032836035
10	1	0.6235190211
10	49	0.4399980716
10	84	0.8111614787
10	92	0.2746105063
10	93	0.6222090890
10	120	0.5926032817
10	130	0.5494141312
10	136	0.0278964371
10	143	1.0194649055
10	153	0.3281134162
11	46	0.2341504643
11	82	0.6812866322
11	85	0.9096085129
11	102	1.4673947688
11	154	0.0085805437
11	157	1.3777444568
11	158	1.0425224269
11	180	1.2032369235
12	23	0.2320744023
12	28	0.4102114779
12	30	0.2902633840
12	47	0.1402332222
12	51	0.3517559114
12	52	0.1311433020
12	57	0.2136421391
12	66	0.1262967164
12	71	0.3330031131
12	79	0.3348891988
12	93	0.5088719808
12	97	0.2758779238
12	113	0.5310906180
12	124	0.3694090379
12	141	0.2581795585
12	154	0.7624100353
12	158	0.2750907050
12	161	0.2304373932
12	163	0.4955899183
12	164	0.5040716353
12	166	0.4336285605
13	34	0.4006816648
13	35	0.1305545343
13	38	0.0345086489
13	59	0.1479036458
13	64	0.6725649096
13	74	0.3232742594
13	83	1.0668131035
13	108	1.0075528235
13	147	0.1862022163
13	148	0.9453293494
13	164	0.1838915122
14	10	0.0489315796
14	80	1.1800476260
14	92	0.3235420858
14	120	0.6170690715
14	130	0.5738799210
14	143	1.0439306953
14	149	0.5412477274
15	91	0.3770263662
15	131	0.5003722688
15	173	0.7211951745
16	37	0.0576038814
16	40	0.4543616156
16	71	0.6629411428
16	76	1.0370444131
16	121	0.5088713224
17	20	0.6641053824
17	48	0.3387784578
17	50	0.3765237311
17	63	0.7255585988
17	83	0.3753369840
17	94	0.6049674297
17	97	0.9846074331
17	121	0.9646977122
17	126	0.7233915810
17	133	0.4881937142
17	139	1.0565578188
17	141	0.9669090678
17	150	0.0786328887
18	4	0.5991830251
18	11	0.3326886424
18	23	0.8109335531
18	25	0.6186600638
18	27	0.8247879092
18	46	0.4497638746
18	50	0.2466533727
18	57	0.7925012900
18	85	0.7874928989
18	91	0.1167314542
18	93	0.1754622634
18	96	0.1641772484
18	98	0.6141962435
18	117	0.8516824951
18	152	0.8515919085
18	156	1.0841242495
18	173	0.5910477185
18	176	0.6385310892
18	180	0.5359255659
18	183	0.1326797710
19	33	1.0385226577
19	65	0.7711734226
19	87	0.7669538641
19	122	0.1963118792
20	10	1.2423915632
20	60	0.3031480536
20	84	0.1071060839
20	85	1.2532578749
20	136	0.2702880003
20	149	0.7591735008
21	1	0.6856122288
21	10	0.0620932077
21	14	1.0065808141
21	56	0.9198770710
22	8	0.6880308034
22	35	1.5235930211
22	64	0.0328016982
22	77	1.1383202350
22	106	0.1624500666
22	134	1.2836106958
22	150	0.6542967436
22	154	0.0468033995
23	7	0.0128356699
23	30	0.1163779635
23	51	0.2393630182
23	61	0.5010547724
23	107	0.6391058967
23	115	0.2524962021
23	116	0.0381855612
23	138	0.4908916319
23	144	0.9405503333
23	146	1.3513717536
23	169	0.5727360945
23	170	0.5061773262
23	177	0.9785062469
24	34	0.9007421235
24	52	0.9690476521
24	95	1.0635163988
24	96	0.6822676470
24	99	0.4393698063
24	104	0.2915611366
24	125	0.3000574880
24	152	0.2212742156
24	159	0.5823451314
24	162	0.6615515050
24	171	1.0123986172
24	178	0.3721036065
25	23	1.1922734893
25	40	0.3778248731
25	81	0.5248229217
25	144	0.2656476451
25	174	0.6771140669
26	9	1.0037844274
26	96	0.3584137725
26	99	0.1155159319
26	109	0.3303570194
26	159	0.2584912569
26	168	0.2240101021
26	178	0.0482497320
27	37	0.7844057241
27	62	0.5920389937
27	81	1.0562836155
27	91	0.4671556358
27	116	1.0052384245
27	142	0.5540476524
27	168	1.1900988798
27	172	0.8128404217
28	22	0.3053951578
28	24	0.7518841719
28	57	0.8034306612
28	58	0.9227053489
28	59	0.1517324483
28	64	0.6763937122
28	67	0.0795741687
28	68	0.4049491041
28	79	0.9246777208
28	83	0.1374550096
28	84	0.5987174371
28	85	0.7984222701
28	95	0.5672847426
28	108	0.0189344496
28	113	0.2417582800
28	124	0.9591975600
28	129	0.3249395012
28	130	0.3369700896
28	146	0.3464693558
28	147	0.1900310189
28	154	0.7043971147
28	162	1.0826599244
28	164	0.1877203147
28	174	0.3067035019
28	179	0.2262735220
29	84	0.2299233271
29	108	0.6406731148
29	122	0.3599897548
29	134	0.5784063957
29	154	0.9834044473
30	2	0.6505217980
30	7	0.9482288532
30	11	0.4635661075
30	50	0.3775308378
30	51	0.1229850547
30	61	0.3846768089
30	69	0.6866140985
30	93	0.4372171936
30	103	0.8373887325
30	111	0.0170168951
30	116	0.9609037989
30	163	0.4106530687
30	166	0.2867303530
30	169	0.4563581310
30	177	0.9203172651
31	10	0.3485432002
31	14	0.2996116206
31	56	0.1262041345
31	92	0.6231537065
31	120	0.7668748818
31	130	0.7236857313
31	143	1.1937365056
31	184	0.7211144013
32	152	0.1761267377
32	162	1.3082020135
33	17	0.4238168598
33	22	0.6362445750
33	29	1.3992870543
33	36	0.9133441779
33	39	1.2781035584
33	45	0.4280678047
33	86	0.2643227423
33	101	0.4407478267
33	122	0.1192665639
33	134	0.5560998458
33	150	0.2905413186
34	26	0.7115558755
34	39	0.7449989076
34	59	0.8736109905
34	64	0.2718832448
34	110	0.8877608085
34	113	0.9186239063
34	115	0.7458557917
34	116	0.6387004712
34	125	0.6996576822
34	147	0.8927602758
34	164	0.8916049237
34	170	0.8726963537
35	28	0.9328083316
35	29	0.6032048832
35	31	0.5460926899
35	39	0.8800624728
35	52	0.6537401556
35	64	0.5420103754
35	73	0.9881082730
35	74	0.1927197251
35	83	1.0015358364
35	147	0.0556476820
35	173	0.5347854213
35	182	0.7625251785
36	8	1.0669157988
36	22	0.7229003971
36	77	0.8612206321
36	78	0.0872818254
36	139	0.7102441416
36	150	0.3771971407
37	5	1.2664961660
37	42	0.3585874378
37	79	0.6091094327
37	81	0.5437557827
37	83	0.8972090006
37	102	0.3817795558
37	128	0.7794157683
37	135	0.7321423268
37	168	0.8113863114
37	170	0.9096571659
38	9	0.8984268108
38	28	0.9808312743
38	30	0.8608831804
38	34	0.3661730159
38	35	0.0960458854
38	70	1.0886239742
38	74	0.2887656105
38	75	0.9927526079
38	83	0.0991175581
38	93	1.0794917772
38	106	0.8973529974
38	111	0.8693916279
38	156	1.0758848950
38	163	1.0662097147
38	166	1.0042483568
38	170	1.0557828617
39	12	1.2850687616
39	13	0.1093205200
39	22	0.3581410166
39	28	0.1054917175
39	36	0.6352406195
39	38	0.1438291689
39	52	0.7736776828
39	59	0.2572241658
39	83	1.1214733635
39	84	0.6514632958
39	93	0.3028127233
39	108	0.1244261671
39	112	0.1365528879
39	113	0.3472499975
39	115	0.0017137682
39	124	0.0238868374
39	145	0.8290171462
39	146	0.4519610733
39	147	1.1477613682
39	163	0.2762485983
39	164	1.1466060161
39	170	0.2553948923
40	15	1.0622800436
40	23	0.0067221055
40	27	1.0172154088
40	62	0.6092544026
40	63	0.7881157400
40	71	0.2085795272
40	117	0.0882199894
40	119	0.0704944249
40	131	0.6249323561
40	135	0.3353845927
40	140	0.0856863080
40	142	0.5884784701
40	168	0.4146285773
40	174	0.4882016303
41	19	0.1414932245
41	122	0.3378051036
41	126	0.0891385616
41	170	1.5150702744
42	5	0.1744048941
42	15	0.1627303836
42	27	0.0726011140
42	79	0.2505219949
42	81	0.1851683449
42	91	0.5397567498
42	102	0.0231921180
42	128	0.6001220494
42	131	0.6631026524
42	136	0.0160356721
42	142	0.6266487664
42	168	0.4527988736
43	95	0.3424624671
44	11	0.6437811048
44	52	1.0210949152
44	71	0.4459094527
44	79	0.4496816241
44	83	0.7377811920
44	85	0.1971707226
44	108	0.6192606321
44	158	0.3300846366
44	160	0.9941533153
44	176	0.9496235516
45	36	0.9705527463
46	44	0.4782873261
46	79	0.9279689502
46	81	0.8626153002
46	85	0.6754580486
46	160	0.4665939566
47	11	0.6135962693
47	17	1.1510372685
47	28	0.5399565115
47	33	0.9391288386
47	57	0.1468178339
47	65	0.6717796035
47	67	0.6195306802
47	77	0.7136936485
47	79	0.3893119531
47	83	0.6774115210
47	108	0.5588909611
47	141	0.2358926726
47	154	1.2443536261
48	62	0.4158376071
48	63	0.7735602819
48	106	0.2480077538
48	119	1.2678232268
48	127	1.1285423761
48	154	0.1323610867
48	165	0.5781750036
49	14	0.7555351744
49	21	0.7489543604
49	80	0.9355828004
49	132	0.3874843890
50	37	0.7250805211
50	66	1.4585024945
50	94	0.4568873971
50	98	1.3675428708
50	106	0.2102624805
50	108	1.5037689618
50	131	1.7467706114
50	154	0.0946158134
50	160	0.8728149603
51	18	1.0693849378
51	34	0.5214216005
51	37	0.6785785711
51	38	0.1552485846
51	39	0.0114194157
51	61	1.1308458771
51	108	0.1358455828
51	113	0.3586694132
51	115	0.0131331839
51	124	1.0176531266
51	146	0.4633804890
51	156	1.1535091873
51	163	0.2876680140
51	168	0.1685434536
51	169	0.3333730763
51	170	1.1334071540
51	171	0.8227383557
52	5	0.3313746928
52	6	0.3885774296
52	28	0.5581363520
52	38	0.5964738034
52	47	0.0181798405
52	57	1.0824988372
52	67	0.6377105207
52	68	0.9630854560
52	71	0.4037196222
52	74	0.8852394139
52	79	0.4074917936
52	83	0.6955913615
52	90	0.2212515176
52	95	1.1254210945
52	106	1.4938268008
52	108	0.5770708016
52	129	0.8830758531
52	146	0.9046057077
52	148	0.4526238532
52	154	1.2625334666
52	158	1.1439474030
52	179	0.7844098739
54	5	0.6538666867
54	8	0.1794494649
54	73	0.9912282286
54	83	1.0180833554
54	108	0.8995627954
54	134	0.7750293574
54	179	1.1069018678
54	184	0.8283114637
55	50	0.9780352793
55	52	1.4413843594
55	106	0.1882977598
55	154	0.0726510927
56	10	0.2223390657
56	14	0.1734074861
56	49	0.6623371373
56	92	0.4969495720
56	132	0.7186529577
57	23	0.0368645262
57	27	0.0645732384
57	50	0.4541520827
57	61	0.5379192986
57	66	0.9126545772
57	67	0.4727128463
57	79	0.2424941193
57	83	0.5305936872
57	85	0.9949916089
57	91	1.2658644371
57	108	0.4120731272
57	110	1.2865853810
57	117	0.1183624101
57	138	0.5277561582
57	141	0.0890748387
57	155	1.0235578910
57	158	0.1228971317
58	13	0.1584181047
58	24	0.8291788230
58	34	0.5590997695
58	38	0.1929267536
58	52	0.7982264751
58	68	0.5595384062
58	70	0.3701747019
58	75	1.1856793615
58	95	0.7218740447
58	113	0.3963475821
58	114	0.8671887656
58	124	0.0729844221
58	146	0.5010586579
58	162	0.3199091509
58	164	0.3423096168
59	7	0.7524145351
59	38	0.9433025015
59	52	0.6450655999
59	54	0.4838196029
59	57	0.7275644370
59	64	0.5246612639
59	66	0.6402190142
59	94	0.4101602183
59	110	0.0282996361
59	113	0.0900258317
59	127	0.7082424345
59	146	0.1947369074
59	147	0.0382985705
59	149	0.2284716718
59	158	0.7890130029
59	164	0.0359878664
59	179	0.0745410736
60	3	1.2028581123
60	7	0.2630846745
60	119	0.3140213240
60	127	0.1747404734
60	133	0.8568348958
60	141	0.3024593172
60	144	0.1313496712
60	165	0.1012740522
60	177	0.2072614984
61	7	0.7558904487
61	66	0.6436949279
61	75	1.4431547192
61	79	0.8522874103
61	82	0.6118710192
61	115	0.8757207149
61	141	0.7755777701
61	156	0.0453266204
61	158	0.7924889166
61	163	0.0259762598
61	170	0.0051225538
61	174	0.2343131914
61	181	1.1446969366
62	7	1.4005244851
62	63	1.1788613374
62	106	0.0400889503
62	119	0.8519856197
62	127	0.7127047690
62	131	1.4064235509
63	27	1.2290996688
63	83	0.9242197865
63	91	0.9253549734
63	94	0.8794088309
63	119	0.4942629449
63	127	0.3549820942
63	133	1.0370765167
63	141	0.4827009380
63	149	0.6977202845
63	160	0.1747452250
63	165	0.1913948627
63	168	0.8383970973
63	172	0.0838801811
63	177	0.3875031192
63	181	1.6104696355
64	10	0.4493591023
64	12	1.2515916660
64	39	0.6090572852
64	47	0.3918248882
64	52	0.3827349679
64	66	0.3778883823
64	68	0.8642776959
64	73	0.7171030853
64	80	0.6049409385
64	83	0.7305306487
64	86	0.4631150979
64	94	0.1478295864
64	95	0.9454455152
64	96	0.7548211393
64	97	0.5274695898
64	99	0.6333722190
64	104	0.5594678841
64	113	0.7826822839
64	127	0.4459118026
64	134	0.6090036497
64	148	0.6090468945
64	171	0.4260859330
64	179	0.7749399049
64	182	0.4915199908
65	17	0.9585153300
65	33	0.5346984701
65	77	1.0419140450
65	106	0.0660438766
65	122	0.6539650340
65	126	0.4052984920
66	7	1.1121955208
66	18	0.5896882656
66	23	0.2115553718
66	28	1.2839147616
66	30	0.3279333353
66	39	0.4623378057
66	51	0.4509183900
66	93	0.7651505290
66	111	1.1724751152
66	113	0.8095878032
66	115	0.4640515739
66	124	0.4862246431
66	141	0.2637656843
66	146	0.9142988790
66	156	0.7579367646
66	158	0.2975879773
66	161	0.2082813537
66	170	0.7177326980
67	5	0.8468320861
67	54	0.5198987427
67	58	0.8829182646
67	68	1.1626874677
67	83	0.0578808409
67	97	0.8258793615
67	106	0.8561162801
67	113	0.1621841113
67	129	0.2453653325
67	141	0.8081809962
67	147	0.1104568502
67	154	0.6248229460
67	164	0.1081461460
67	179	0.1466993532
68	5	0.6841446184
68	7	0.6258062072
68	24	0.5494096199
68	34	0.9997806816
68	35	0.8647171164
68	38	0.8166941737
68	54	0.3572112751
68	74	0.9610769789
68	75	0.6261409553
68	90	0.6290830308
68	95	0.1623356385
68	115	0.7456364733
68	116	0.6384811529
68	134	0.7447259537
68	148	0.7447691986
68	154	0.2994480106
68	159	0.8405821856
69	16	0.0493101185
69	40	0.5036717341
69	51	0.7497568578
69	173	1.0353110852
70	9	0.8098028366
70	13	0.8941217014
70	23	0.7140702244
70	39	0.8394614414
70	113	0.0261728803
70	124	0.8514048601
70	173	0.4941843898
71	23	0.8990712892
71	28	0.1544167297
71	51	0.0375055965
71	68	1.2796829169
71	69	0.6438743694
71	76	0.7055738417
71	83	0.2918717393
71	95	1.3608507361
71	102	0.8882211472
71	108	0.1733511793
71	173	0.6791854546
71	174	0.3839118667
73	5	0.8313192291
73	52	0.6656318826
73	58	0.8674054076
73	68	0.2943492213
73	74	0.2165031792
73	75	0.9204901766
73	83	0.0268551268
73	154	0.5937972319
73	162	1.0273599830
73	170	1.0196516460
73	179	1.0578368196
74	28	0.8364484690
74	39	0.7837026103
74	58	0.7591538180
74	64	0.3492906503
74	83	0.9051759738
74	90	0.6680060519
74	95	0.2401816807
74	106	0.6085873869
74	134	0.7836489748
74	148	0.7836922197
74	154	0.3772940527
74	182	0.6661653160
75	5	0.3710741407
75	6	0.3996755091
75	24	0.2363391422
75	28	0.4844549703
75	52	0.2053867943
75	67	0.5242420547
75	70	0.5922476702
75	74	0.6480065013
75	79	0.4091326911
75	90	0.3160125531
75	95	0.7680973416
75	106	0.9523001947
75	108	0.4939221951
75	124	0.4436525303
75	147	0.5794704797
75	152	0.3469762500
75	162	0.5671148947
75	178	0.4223909455
75	182	0.3141718173
76	18	0.7651277886
76	23	1.1934974474
76	40	0.3802727893
76	51	0.6263579131
76	93	0.9405900520
76	135	0.7156573820
77	17	1.4373436200
77	54	1.1159704343
77	86	1.3575965612
77	134	1.0069702259
77	150	0.5159765086
78	8	1.0232748861
78	33	0.0860298189
78	45	0.4710827142
78	101	0.5267776456
79	2	0.6058959832
79	3	0.9749188134
79	11	0.4189402928
79	50	0.3329050231
79	66	0.7914075176
79	67	0.2302187271
79	68	1.2777968312
79	71	0.9981139143
79	83	0.2880995679
79	90	0.9068798620
79	97	0.9409887251
79	106	1.0863350072
79	108	0.1695790080
79	134	0.0450455699
79	141	0.9232903597
79	148	1.0225660298
79	155	0.9023108313
79	168	1.1011384394
79	169	1.1835532507
79	179	0.3769180803
80	33	0.7260127883
80	39	1.0041163467
80	100	0.7682215349
80	126	0.6613127992
80	132	0.4519015886
80	149	0.3612001014
80	153	1.0084748719
81	8	0.7574096637
81	11	0.4516171177
81	50	0.3655818481
81	57	0.9114297653
81	73	1.1632990455
81	79	0.0653536499
81	83	1.1767266089
81	94	0.5940255466
81	117	0.9706109704
81	140	0.9693441297
81	141	0.9559671847
82	18	0.6533360830
82	51	0.5145662074
82	81	0.4154791323
82	89	0.4554139144
82	158	0.3612357947
82	181	1.5328259174
83	3	0.8308690295
83	4	0.5413848915
83	10	0.7188284536
83	11	0.2748905088
83	18	0.9422018664
83	19	0.5619004204
83	22	0.2366676531
83	24	0.6831566671
83	31	0.5445568535
83	33	0.6004230781
83	40	0.7497743668
83	41	0.4911538082
83	46	0.3919657410
83	48	0.1511099658
83	50	0.1888552391
83	55	0.2108199598
83	58	0.8539778442
83	59	0.0142774388
83	60	0.6280109172
83	62	0.3590287693
83	65	0.3330738430
83	66	0.6473577336
83	68	0.2674940945
83	75	0.8936350498
83	76	0.5596379721
83	77	0.3749878880
83	80	0.8744102898
83	87	0.3288542846
83	89	0.0709477393
83	95	0.4298297330
83	98	0.5563981099
83	103	0.6487131338
83	106	0.7982354393
83	107	0.3922413162
83	113	0.1043032704
83	117	0.7938843615
83	119	0.7850215792
83	120	0.3114317353
83	121	0.7770292202
83	126	0.5357230890
83	128	0.3308112680
83	129	0.1874844916
83	130	0.2682425848
83	133	1.0564283651
83	138	0.9985812355
83	140	0.7926175208
83	144	0.6936857528
83	147	0.0525760093
83	152	0.7937937749
83	154	0.5669421051
83	155	0.7582610474
83	157	0.6526349656
83	162	0.0278648392
83	164	0.0502653052
83	167	0.4306316151
83	177	0.7316416664
83	179	0.0888185124
83	180	0.4781274323
83	183	1.0085417519
84	6	0.6330062034
84	17	0.5646831513
84	43	0.3424624671
84	52	1.1222143869
84	83	0.9400201354
84	85	0.3994096659
84	108	0.8214995754
84	127	0.3707824431
84	160	1.0952727869
85	3	1.1011742642
85	5	0.1763938007
85	7	0.0597169784
85	17	0.1652734854
85	50	0.4591604739
85	79	0.2525109015
85	81	0.1871572516
85	82	0.8858390596
85	83	0.5406104694
85	86	1.0028896839
85	89	0.3412529740
85	91	0.5417456564
85	94	0.6876041724
85	117	1.0641895962
85	128	0.6011165027
85	150	0.1612696314
85	158	0.1329139140
85	160	0.8955679540
86	2	0.7292617501
86	5	0.1706144329
86	17	0.1594941175
86	22	0.5040832038
86	38	0.4357135434
86	41	0.7585693590
86	50	0.4562707899
86	52	0.9196198700
86	54	0.7583738731
86	83	0.5348311016
86	90	1.0302456288
86	134	0.2917771035
86	150	0.1583799474
86	158	0.1271345461
86	160	0.8926782700
87	33	0.5431375870
87	65	1.0042195585
87	78	0.4571077681
87	122	0.6624041509
89	18	1.7425082543
89	106	0.3281699804
90	2	0.6990161212
90	13	1.1703568185
90	37	0.7885654217
90	48	0.3882798878
90	55	0.4479898818
90	59	1.2443086413
90	63	0.7750600287
90	64	1.0132785465
90	83	0.4743398439
90	91	0.4754750309
90	103	0.8858830557
90	119	1.0221915012
90	121	0.0283982843
90	137	0.2856192118
90	158	1.0333216442
90	177	0.9688115883
91	2	0.4612786058
91	3	0.8303014360
91	7	0.7589856610
91	11	0.2743229153
91	16	0.5220259655
91	17	0.8117639145
91	40	0.7492067733
91	44	0.6305418105
91	46	0.3913981475
91	48	0.1505423723
91	50	0.1882876456
91	55	0.2102523663
91	62	0.3584611759
91	82	0.6149662314
91	89	0.0703801458
91	98	0.5558305164
91	120	0.3108641418
91	131	0.1233459026
91	137	0.9050720904
91	142	0.0868920166
91	149	0.2350427977
91	160	0.6246951258
91	175	0.6960070097
91	177	0.7310740729
91	180	0.4775598388
91	183	0.0159483168
92	21	0.8316481430
92	49	0.1653875653
92	80	0.0365531662
92	120	0.4552980286
92	130	0.4121088781
92	132	0.4701781717
92	149	0.3794766845
92	153	0.0535029100
92	184	1.0489803474
93	13	0.9032538984
93	28	0.9013394971
93	34	0.2071894616
93	51	0.8428839305
93	59	0.9772057213
93	82	0.5856008268
93	97	0.7670059430
93	111	0.7898998507
93	113	0.0444372742
93	124	0.8605370571
93	146	0.1491483500
93	161	0.7215654123
94	62	0.9417298317
94	73	1.1385469978
94	83	1.1654021246
94	90	0.6910622807
94	91	1.1665373116
94	108	1.0468815647
94	121	0.7194605650
94	127	0.5961644324
94	135	1.0003354508
94	160	1.2079637816
95	2	0.2469313328
95	5	0.6029767991
95	7	0.5446383879
95	16	0.3076786925
95	20	0.2615220239
95	22	0.0217527866
95	33	0.3855082116
95	35	0.7835492971
95	37	0.3364806332
95	38	0.7355263544
95	42	0.5157743521
95	54	0.2760434558
95	62	0.1441139028
95	63	0.3229752403
95	70	0.8241503286
95	73	0.7716575701
95	79	0.6410353495
95	84	0.3150750658
95	86	0.5176695827
95	87	0.1139394180
95	90	0.5479152115
95	91	0.7856527270
95	103	0.4337982673
95	116	0.5573133336
95	119	0.5701067127
95	121	0.5621143537
95	124	0.6755551887
95	127	0.5004662874
95	130	0.0533277183
95	131	0.8473256783
95	132	0.1113970119
95	133	0.8415134986
95	134	0.6635581345
95	135	0.7025517966
95	152	0.5788789084
95	154	0.1371123721
95	158	0.5812368558
95	160	0.4103478528
95	180	0.2632125658
95	184	0.6901991877
96	25	0.5365714396
96	28	0.9069820046
96	32	0.6814399155
96	34	0.2184744766
96	95	1.1906243759
96	109	0.9859716234
96	123	0.0140118010
96	146	0.1604333650
96	171	0.6712647937
97	5	0.0419054491
97	10	0.9218895125
97	19	0.7649614793
97	28	0.2686671082
97	31	0.7476179124
97	39	0.1631753907
97	47	0.8643552984
97	54	0.6940193812
97	59	0.4203995566
97	80	1.0774713487
97	83	0.4061221178
97	87	0.5319153434
97	106	1.2043575571
97	108	0.2876015578
97	113	0.5104253882
97	146	0.6151364640
97	147	0.4586981271
97	154	1.4865321114
97	179	0.4949406302
98	23	0.3934746192
98	30	0.5098525827
98	55	0.6544218499
98	57	0.3566100930
98	61	0.8945293916
98	76	1.0032398622
98	107	0.8358432063
98	117	0.4749725030
98	138	0.8843662511
99	32	0.8028888358
99	34	0.4613723172
99	73	0.1674617326
99	96	0.2428978407
99	109	0.2148410875
99	129	1.1909006755
99	159	0.1429753251
99	162	0.2221816987
99	179	0.2831353718
100	7	0.2338428594
100	23	0.2210071895
100	30	0.3373851531
100	51	0.4603702077
100	61	0.7220619619
100	71	0.4228646112
100	79	0.4266367826
100	92	0.4270037640
100	127	0.1454986582
100	141	1.1366087510
100	156	0.7673885823
100	163	0.7480382217
100	166	0.6241155060
101	8	0.7598860633
101	26	1.0242866129
101	87	0.5080572931
101	96	0.4069869984
101	99	1.0820445788
102	5	0.1512127761
102	47	0.9190089619
102	57	0.9924178788
102	79	0.2273298769
102	81	0.1619762270
102	83	0.5154294448
102	108	0.3969088849
102	135	0.3503627710
102	140	0.1006644863
102	141	1.0369552982
102	154	1.0823715499
102	158	0.1077328894
102	168	0.4296067556
103	7	0.2216802413
103	48	0.5023968320
103	63	0.8891769730
103	91	0.7037089194
103	100	0.9939186910
103	119	0.2726168908
103	127	0.1333360401
103	136	0.0980117569
103	137	0.5138531003
103	177	0.1658570652
104	9	0.0398615927
104	26	0.0322927379
104	34	0.6091809870
104	96	0.3907065104
104	99	0.1478086698
104	109	0.3626497573
104	125	0.0084963514
104	159	0.2907839948
104	168	0.2563028400
104	178	0.0805424699
105	10	0.3720373164
105	14	0.3231057368
105	31	1.0117470581
105	56	0.1496982507
105	92	0.6466478226
106	1	0.6314702445
106	2	0.0627284796
106	3	0.4317513098
106	6	0.4473753144
106	7	0.3604355348
106	16	0.1234758393
106	17	0.4132137884
106	20	0.0773191707
106	21	0.2886641301
106	24	0.2840389475
106	28	0.5321547756
106	31	0.1454391339
106	33	0.2013053584
106	35	0.5993464440
106	36	0.1146495363
106	39	0.4794089168
106	40	0.3506566471
106	41	0.0920360885
106	44	0.2319916844
106	47	0.2621765198
106	49	0.5397097698
106	54	0.0918406027
106	56	0.2085412011
106	57	0.3355854368
106	58	0.4548601245
106	63	0.1387723871
106	68	0.7346293276
106	70	0.6399474754
106	73	0.5874547170
106	81	0.4241556714
106	84	0.1308722127
106	85	0.3305770456
106	86	0.3334667296
106	90	0.3637123584
106	94	0.0181812180
106	95	0.8157971469
106	102	0.3431675580
106	111	0.4207151292
106	115	0.4802658009
106	119	0.3859038596
106	124	0.4913523356
106	126	0.1366053694
106	127	0.3162634342
106	137	0.5065219643
106	147	0.6271702850
106	148	0.4793985262
106	152	0.3946760553
106	153	0.4837674421
106	162	0.6148147000
106	164	0.6260149329
106	168	0.5579709358
106	170	0.6071063630
106	173	0.1341318653
106	180	0.0790097126
106	182	0.3618716225
106	184	0.5059963345
107	30	0.8381661701
107	44	1.2388680878
107	50	0.7966139229
107	106	0.0068764034
107	108	1.0969968076
108	8	0.6399433347
108	11	0.3341507888
108	22	0.2959279330
108	24	0.7424169471
108	35	0.1154488872
108	38	0.0194030018
108	59	0.1327979987
108	64	0.6574592626
108	66	0.7066180136
108	67	0.0606397191
108	68	0.3860146544
108	73	0.0916654331
108	74	0.3081686123
108	83	0.1185205600
108	85	0.7889550453
108	86	0.7918447292
108	90	0.8220903580
108	93	1.0891932781
108	95	0.5483502930
108	106	0.9167559992
108	113	0.2228238304
108	116	0.8314884801
108	117	0.8531446414
108	120	0.3706920153
108	126	0.5949833690
108	128	0.3900715480
108	129	0.3060050516
108	130	0.3275028648
108	138	1.0578415155
108	141	0.8385008558
108	146	0.3275349062
108	147	0.1710965693
108	149	0.2948706712
108	154	0.6854626651
108	156	1.0855863959
108	164	0.1687858651
108	170	0.1309687252
108	174	0.2972362771
108	175	0.7558348832
108	179	0.2073390723
109	24	0.6728945531
109	34	0.2465312297
109	114	0.7109044957
109	162	0.0073406111
109	171	0.6852931702
109	178	0.8589463563
110	64	0.4963616278
110	108	0.9194511826
110	147	1.0049994672
110	158	0.7748631848
110	164	0.0076882303
110	179	0.0462414375
111	39	0.1173875753
111	51	1.0529840798
111	108	0.2418137424
111	115	0.1191013435
111	148	1.0586833970
111	156	0.4129865341
111	163	0.3936361736
111	166	0.2697134579
111	170	0.3727824676
111	173	0.7134167361
112	113	0.0370721109
112	146	0.0894276488
112	164	0.0100531282
113	5	0.7657400304
113	23	0.7009837843
113	30	0.7591727661
113	52	0.6000526840
113	106	0.6939321688
113	111	0.7676812136
113	129	0.0831812212
113	146	0.1047110758
113	156	0.9741744807
113	161	0.6993467752
113	163	0.9644993004
113	166	0.9025379425
114	9	0.2554028440
114	26	0.2478339893
114	96	0.6062477618
114	99	0.3633499211
114	101	0.1992607634
114	104	0.2155412514
114	125	0.2240376028
114	129	0.7451512722
114	152	0.1452543304
114	178	0.2960837213
115	12	1.2833549934
115	30	0.9319408807
115	37	0.6720119791
115	38	1.0710577004
115	54	0.6115748017
115	59	0.2555103976
115	79	0.9765666955
115	84	0.6506064117
115	93	0.3010989551
115	108	0.1227123989
115	113	0.3455362293
115	124	0.0221730692
115	146	0.4502473051
115	147	0.2938089681
115	156	0.2938851906
115	163	0.2745348301
115	164	1.1457491320
115	166	0.1506121144
115	170	0.2536811241
116	35	1.2262359635
116	48	0.3788817657
116	51	0.2011774570
116	63	0.7656619066
116	91	0.4566787867
116	100	0.8704036246
116	135	0.2904769259
116	141	0.0140247513
116	168	1.1848604553
117	11	0.4810061474
117	17	0.0368942931
117	47	0.8674098780
117	48	0.3572256044
117	50	0.3949708777
117	55	0.4169355984
117	60	0.8341265557
117	131	0.5367123667
117	140	0.9987331593
117	142	0.5002584807
117	158	1.0022673608
119	17	0.0546198576
119	20	0.6914153112
119	25	0.7758403510
119	42	0.9456676394
119	91	0.4310920286
119	94	0.6322773585
119	117	0.0177255645
119	120	0.5264101561
119	121	0.9920076410
119	131	0.5544379312
119	133	0.5428135718
119	135	0.2648901678
119	142	0.5179840452
119	149	0.4505888120
119	168	0.3441341524
119	175	0.9115530240
120	90	1.4513983427
120	94	1.1058672024
120	127	0.8078988371
120	133	1.4899932596
121	50	0.4118260189
121	62	0.5819995491
121	63	0.7608608866
121	69	0.7209092795
121	91	0.4470767466
121	133	0.5587982898
121	135	0.2808748858
121	137	0.2572209275
121	141	0.0044227112
121	181	0.7426610442
122	10	0.1175441872
122	14	1.0343063038
122	134	0.4368332820
122	149	0.5755540312
122	184	1.2450576942
123	34	0.0952254373
124	5	0.9274216105
124	6	0.9560229788
124	13	0.0854336826
124	24	0.7926866119
124	38	0.1199423315
124	50	0.2983851839
124	52	0.7617342641
124	67	0.1611790488
124	73	0.1922047628
124	74	0.4087079420
124	83	0.2190598896
124	108	0.1005393297
124	113	0.3233631601
124	146	0.4280742358
124	154	1.3930009974
124	164	0.2693251948
124	170	0.2315080549
125	9	0.0313652413
125	26	0.0237963865
125	64	0.8725678804
125	96	0.3822101590
125	99	0.1393123183
125	109	0.3541534059
125	159	0.2822876434
125	168	0.2478064886
125	178	0.0720461185
126	19	1.0261773314
126	84	0.9942668433
126	86	0.3937227205
126	97	0.5224317042
126	134	0.6854998240
126	150	0.3552413077
127	2	0.7464650454
127	7	0.0883442012
127	17	0.1939007082
127	20	0.7610557365
127	27	0.1032172435
127	40	0.0687864258
127	50	0.4734740853
127	57	0.0386440051
127	66	0.9319765798
127	67	0.5113568514
127	76	0.8442568182
127	79	0.2811381243
127	83	0.5692376923
127	86	0.0344065907
127	90	0.0948978484
127	91	0.5703728792
127	102	0.0538082475
127	108	0.4507171323
127	116	0.1136940925
127	117	0.1570064152
127	119	0.1392808507
127	121	0.1232961327
127	131	0.6937187819
127	133	0.6820944225
127	135	0.4041710185
127	137	0.3805170601
127	140	0.1544727338
127	141	0.1277188438
127	158	0.1615411368
127	165	0.0139038156
127	168	0.4834150031
127	177	0.0325210251
127	180	0.7627462784
128	44	0.6005962720
128	79	1.0502778961
128	81	0.9849242462
128	100	1.3118205568
128	102	0.8229480192
128	106	0.0683064517
129	5	0.7241494198
129	24	0.5894144213
129	38	0.8566989751
129	54	0.3972160765
129	58	0.7602355983
129	68	0.0800096029
129	70	0.9453229493
129	74	0.0021635607
129	75	0.7061505582
129	95	0.2423452414
129	106	0.6107509477
129	154	0.3794576135
129	179	0.9506670104
130	12	0.2528184325
130	22	0.9684250683
130	64	0.0012267665
130	94	1.1490563529
130	106	0.1308751348
130	120	0.0863783010
130	127	0.8942771381
130	134	1.2204608324
131	3	0.7686284847
131	11	0.2126499640
131	18	0.8799613216
131	44	0.5688688592
131	46	0.3297251962
131	82	0.5532932801
131	85	0.6674542205
131	89	0.0087071945
131	90	0.7005895332
131	98	0.4941575651
131	149	0.1733698464
131	158	0.7339111775
131	160	0.5630221745
131	173	0.4710090401
131	180	0.4158868875
131	183	0.9463012071
132	10	0.7850331504
132	14	0.7361015708
132	105	1.2064979170
133	4	0.4849565264
133	7	0.7031248894
133	27	0.7105614105
133	37	0.4949671346
133	40	0.6933460017
133	42	0.6742608535
133	46	0.3355373759
133	48	0.0946816007
133	55	0.1543915947
133	62	0.3026004042
133	90	0.7064017129
133	91	0.9441392284
133	94	0.3608705726
133	100	0.5862034597
133	102	0.6858569125
133	103	0.5922847687
133	131	0.0116243594
133	144	0.6372573877
133	149	0.1791820261
133	158	0.7397233572
133	160	0.5688343542
134	5	0.9394186647
134	17	0.9338585070
134	35	0.2399823253
134	36	0.6352942550
134	38	1.0719682200
134	39	0.0001072710
134	52	0.7737313183
134	59	1.1286657184
134	65	0.4546008420
134	73	0.2161988712
134	83	0.2430539980
134	84	0.6515169313
134	93	0.3029199943
134	106	1.0412894373
134	108	0.1245334381
134	135	1.0389936621
134	147	0.2956300073
134	148	1.0000432449
134	150	0.0124913957
134	152	0.9153207740
134	163	0.2763558693
134	168	0.1572313089
134	184	0.0532821064
135	18	0.0494704066
135	35	0.1619950011
135	48	0.2336433027
135	59	1.0896720563
135	62	0.4415621062
135	63	0.6204234437
135	90	0.8453634149
135	103	0.7312464707
135	120	0.3939650722
135	128	0.4133446049
135	133	0.2779234040
135	137	0.9881730208
135	149	0.3181437281
135	168	1.0396219923
136	91	0.2538427028
136	184	0.1583891635
137	48	0.2454702819
137	62	0.4533890854
137	63	0.6322504228
137	64	0.7276593348
137	74	1.1891843423
137	83	0.1887206322
137	94	0.5116592538
137	100	0.7369921408
137	119	0.8793818953
137	133	0.3015773624
137	173	0.6276099010
137	177	0.8260019825
138	61	1.0050815702
138	106	1.4005364841
138	115	0.8808022851
138	142	0.0908647326
138	176	0.5821517201
139	8	0.7117937280
139	78	0.6885188419
139	101	0.9519076647
140	11	0.4822729881
140	67	1.1784420588
140	79	0.1266653906
140	108	0.2962443985
140	115	0.1735319996
140	157	0.8600174448
140	158	0.0070684030
140	177	0.9390241456
141	5	1.0386510899
141	20	0.6971963146
141	28	0.3040638389
141	48	0.3718693900
141	59	0.4557962872
141	64	0.9804575511
141	83	0.4415188484
141	85	0.9504541895
141	94	0.6380583619
141	115	1.1001429448
141	119	0.0115620068
141	133	0.5543755786
141	146	0.6505331947
141	147	0.4940948577
141	149	0.4563698154
141	154	1.5042304768
141	162	1.2346918438
141	164	0.4917841536
141	168	0.3556961593
141	174	0.4587354213
142	4	0.4973712897
142	50	0.1448416373
142	60	0.5839973154
142	61	0.9596492039
142	62	0.3150151675
142	98	0.5123845081
142	133	0.0248295266
142	177	0.6876280646
143	56	0.8693655617
143	80	0.2722338615
143	92	0.2356806953
143	105	0.7945164363
143	132	0.5880185193
143	149	0.4973170321
144	18	0.4970322272
144	20	0.7827511376
144	48	0.4574242130
144	63	0.8442043540
144	119	0.1826716528
144	127	0.0433908021
144	141	0.1711096460
144	165	0.0355992166
144	172	0.8861444445
144	177	0.0759118272
145	35	0.5818407620
145	64	1.1238511373
146	3	0.7263618564
146	12	0.8331076883
146	47	0.5567870664
146	64	0.3299243564
146	83	0.8954928269
146	106	1.2946105465
146	111	0.7153256757
146	127	0.6108739808
146	129	0.9892350727
146	130	0.1637354117
146	158	0.6916445492
146	176	0.4762257825
146	179	0.9399020831
147	6	0.8202050294
147	38	0.9241532163
147	52	0.6259163146
147	54	0.4646703176
147	58	0.8276898395
147	60	0.6017229125
147	64	0.4863626933
147	66	0.6210697290
147	68	0.2149180852
147	74	0.1370720431
147	95	0.3772537237
147	113	0.0517272612
147	129	1.0674542412
147	146	0.1564383369
147	148	0.8522282412
147	162	0.9876444150
147	179	0.0362425031
148	5	0.9393754198
148	28	0.1055124987
148	38	1.0719249751
148	58	0.9754615983
148	67	0.1850866674
148	73	0.2161123815
148	75	1.1366025581
148	83	0.2429675083
148	95	0.6727972413
148	108	0.1244469483
148	113	0.3472707787
148	129	0.4304519999
148	146	0.4519818545
148	154	0.8099096134
148	159	1.0958129870
148	164	0.2932328134
148	179	0.3317860207
148	184	1.0265978083
149	31	0.6178929246
149	64	2.0677179202
149	83	1.5287792176
149	120	0.1516426882
149	127	0.9595415253
149	130	1.0326321936
150	83	0.1090356034
150	97	1.9059745445
150	106	0.5081533230
150	108	0.0497753234
150	154	0.3925066559
150	168	0.0661242588
150	184	0.0141496575
151	144	0.0000000000
152	9	0.1101485136
152	34	0.6794679079
152	68	0.6799065446
152	74	1.3010302512
152	96	0.4609934314
152	99	0.2180955907
152	104	0.0702869209
152	109	0.4329366782
152	125	0.0787832723
152	154	0.9793545552
152	159	0.3610709158
152	162	0.4402772893
152	170	0.4248606154
152	171	0.9017615094
152	178	0.1508293909
153	1	0.2954056049
153	21	0.8048966880
153	31	0.6616716918
153	49	0.1118846553
154	2	0.1783751467
154	6	0.5630219815
154	7	0.4760822019
154	8	0.2972120022
154	19	0.2784293679
154	25	0.2773908777
154	27	0.4835187231
154	33	0.3169520255
154	37	0.2679244471
154	38	0.6669701684
154	39	0.5950555839
154	40	0.4663033142
154	41	0.2076827556
154	42	0.4472181660
154	44	0.3476383514
154	46	0.1084946884
154	54	0.2074872697
154	58	0.5705067916
154	61	0.7201917532
154	62	0.0755577168
154	63	0.2544190542
154	65	0.0496027905
154	69	0.2144674472
154	71	0.5705930778
154	75	0.3266929447
154	76	0.2761669195
154	77	0.0915168355
154	78	0.2739371161
154	79	0.5724791635
154	81	0.5398023385
154	86	0.4491133967
154	87	0.0453832320
154	90	0.4793590255
154	91	0.7170965409
154	94	0.1338278851
154	101	0.5373259389
154	103	0.3652420812
154	106	0.2312933342
154	107	0.1087702637
154	115	0.5959124680
154	117	0.5104133089
154	122	0.3765853075
154	126	0.2522520364
154	127	0.4319101013
154	128	0.0473402154
154	131	0.7787694923
154	133	0.7729573126
154	134	0.5950019484
154	139	0.5854182742
154	142	0.7605425492
154	144	0.4102147003
154	157	0.3691639130
154	160	0.3417916667
154	164	0.7416616000
154	168	0.6736176029
154	172	0.2963591448
154	176	0.2972619031
155	11	0.5166294614
155	28	0.3460228957
155	67	0.4255970644
155	81	1.0650123437
155	108	1.1824786726
155	158	0.0757813498
156	7	0.7332271386
156	12	0.9894698027
156	16	0.4962674431
156	30	0.7849982854
156	39	0.8522005206
156	79	0.8296241001
156	93	0.0072137644
156	97	0.7706128252
156	102	0.7159591617
156	124	0.8641439393
156	128	0.3044851521
156	134	0.8521468851
156	146	0.1563621144
156	173	0.5069234690
157	18	0.5791338017
157	37	0.8987605341
157	102	1.0896503120
157	115	1.2267485550
157	158	0.2870335134
158	3	0.0694346144
158	4	0.7452331692
158	18	0.2921002883
158	28	0.2702415459
158	30	0.0303453580
158	46	0.5958140187
158	47	0.8651425172
158	67	0.3498157146
158	71	0.1158248162
158	79	0.1195969875
158	81	0.0542433376
158	83	0.4076965555
158	89	0.2747960170
158	91	0.4088317424
158	97	1.0007872188
158	106	1.2059319947
158	108	0.2891759955
158	128	0.5346595457
158	141	0.9830888535
158	144	0.8975340305
158	154	0.9746386606
158	156	0.4603487873
158	167	0.6344798928
158	173	0.7370978626
158	174	0.4418242748
158	177	0.9354899441
158	180	0.6819757100
158	181	0.7044160401
158	184	1.1089623319
159	34	0.3183969922
159	35	0.0482698617
159	59	0.0656189732
159	64	0.5902802370
159	74	0.2409895867
159	96	0.0999225156
159	108	0.9664104872
159	109	0.0718657625
159	110	1.0469593046
159	115	0.9050542878
159	147	1.0519587718
159	162	0.0792063736
159	164	0.1016068395
160	15	0.3735833823
160	52	1.0269416000
160	55	0.5855572405
160	79	0.4613749935
160	83	0.7494745615
160	90	0.2751347176
160	98	0.9311353907
160	106	1.5477100007
160	107	0.7669785970
160	108	0.6309540015
160	117	0.3372432844
160	124	0.5304146718
160	127	0.1802368692
160	134	0.5064205634
160	158	0.3417780060
160	173	0.9079868657
160	176	0.9554702363
161	11	0.5233920984
161	23	0.0032740181
161	30	0.1196519817
161	61	1.2521643953
161	115	0.2557702202
161	156	0.5496554109
161	170	0.5094513443
162	5	0.8039592460
162	34	0.2391906186
162	52	0.6382718996
162	57	0.7207707368
162	67	0.9571271600
162	68	0.2396292553
162	74	0.1617832131
162	95	0.4019648938
162	96	0.0207161420
162	97	0.7830065215
162	104	0.8150048158
162	114	0.7072341901
162	125	0.8192529915
162	129	0.1596196524
162	148	0.8645838262
162	154	0.5390772659
162	158	0.7822193027
162	164	0.0224004659
162	179	0.0609536732
163	18	0.9255509308
163	22	0.2200167175
163	31	0.5279059179
163	54	0.4743073867
163	86	0.7159335136
163	93	0.0265641250
163	107	0.3755903806
163	141	0.7625896402
163	156	0.0193503606
163	169	1.0228525312
163	173	0.5165986493
164	38	0.9253085684
164	52	0.6270716667
164	60	0.6028782646
164	64	0.4886733975
164	66	0.6222250810
164	68	0.2172287893
164	75	0.8433697447
164	95	1.1897822139
164	113	0.0540379653
164	127	0.6902485013
164	129	0.1372191865
164	146	0.1587490411
164	147	0.0023107041
164	149	0.2104777386
164	152	0.7686611224
164	158	0.7710190697
164	179	0.0385532072
165	17	0.0830465386
165	23	0.0238504501
165	83	0.2707150306
165	116	0.0429432307
165	117	0.0645993920
165	119	0.0557366098
165	133	0.3271433957
165	141	0.0499556064
165	177	0.0023566970
166	13	0.9784973187
166	18	0.9875122886
166	51	0.9181273509
166	61	0.0979464559
166	70	0.1687512346
166	93	0.1504868407
166	156	0.1432730763
166	163	0.1239227157
166	170	0.1030690097
167	18	1.0231405026
167	161	0.6417335908
168	7	0.8024645990
168	17	0.8552428526
168	22	0.2795789977
168	24	0.7260680117
168	33	0.6433344227
168	34	0.3528781470
168	35	0.0827510164
168	36	0.5566786005
168	41	0.5340651528
168	45	0.0714022274
168	59	0.1001001279
168	64	0.6247613918
168	65	0.3759851876
168	77	0.4178992326
168	78	0.6003195132
168	86	0.7754957938
168	87	0.3717656291
168	96	0.1344036704
168	109	0.1063469173
168	122	0.7029677046
168	123	0.0812136362
168	126	0.5786344336
168	133	0.1986794194
168	147	1.0691993492
168	152	0.8367051195
168	159	0.0344811548
168	172	0.6227415419
169	16	0.4830900922
169	37	0.5118920329
169	66	0.6078542668
169	120	0.2719282685
169	127	0.6758776871
169	137	0.8661362171
169	161	0.7119949437
170	7	0.7533291718
170	12	1.0296738693
170	22	0.2304435704
170	30	0.8051003187
170	47	0.6550701568
170	67	0.9648354969
170	79	0.8497261334
170	83	0.9937759174
170	84	0.5237658497
170	93	0.0474178310
170	97	0.7907148585
170	113	0.0918551052
170	128	0.3245871853
170	130	0.2620185022
170	134	0.8722489183
170	146	0.1965661809
170	154	1.2772469699
170	156	0.0402040665
170	163	0.0208537060
170	164	1.0189085699
170	173	0.5270255023
171	9	0.3066254949
171	26	0.2990566401
171	34	0.8759448892
171	99	0.4145725720
171	101	1.1252417071
171	104	0.2667639022
171	114	0.0512226509
171	125	0.2752602536
171	159	0.5575478970
171	178	0.3473063721
172	7	0.3594461143
172	30	0.4629884080
172	51	0.5859734626
172	116	0.3847960057
172	135	0.6752729316
172	175	0.2334888119
173	13	0.7998746232
173	30	0.5561496327
173	38	0.8343832720
173	39	0.6905541031
173	51	0.6791346874
173	93	0.9933668264
173	107	0.8589917313
173	108	0.8149802702
173	127	0.3642631379
173	148	1.3452666609
173	152	1.2605441900
174	12	0.2830850202
174	66	1.4093817365
174	83	1.5240480058
174	106	0.1611417226
175	7	0.1259573024
175	30	0.2294995961
175	48	0.4545353626
175	51	0.3524846508
175	63	0.8413155035
175	116	0.1513071938
175	135	0.4417841197
176	52	0.1429427273
176	57	0.3079404016
176	83	0.8385340888
176	95	1.6341819109
176	98	0.9756651543
177	25	0.8292202638
177	40	1.0181327004
177	47	0.9296525731
177	48	0.4194682994
177	50	0.4572135727
177	94	0.6856572713
177	100	0.9109901584
177	115	1.1477418542
177	117	0.1244853901
177	119	0.1067598256
177	121	0.0907751076
177	133	0.6495733974
177	135	0.3716499934
177	141	0.0951978188
177	168	0.4508939780
177	170	1.2745824162
178	9	0.9796595614
178	34	0.5286385171
178	96	0.3101640405
178	99	0.0672661998
178	159	0.2102415249
178	162	0.2894478985
178	168	1.0878801851
179	5	0.7734824095
179	24	0.6387474109
179	47	0.6168849833
179	57	0.6902939002
179	68	1.0893377911
179	71	0.8096548742
179	95	1.1705056103
179	106	0.7094169269
179	113	0.0154847581
179	154	0.4781235927
179	159	0.9299199766
179	178	0.8247992142
179	181	0.2079009722
180	37	1.0732680674
180	44	1.1529819717
180	50	0.7107278069
180	81	0.6902919176
180	85	0.5031346660
180	137	1.4275122517
181	47	0.5129344972
181	50	0.0404954968
181	57	0.5863434141
181	71	0.7057043881
181	79	0.7075904737
181	81	0.6749136488
181	83	0.8516402577
181	97	0.6485791988
181	100	0.4942720825
181	141	0.6308808335
181	174	0.0896162548
182	52	0.8912149771
182	83	0.4780213157
182	108	0.3595007557
182	147	0.5305973250
182	148	0.2350538074
182	154	1.0449634208
183	95	1.2063731146
183	137	0.8970979320
184	16	0.6174795048
184	22	0.3315535989
184	29	0.7899051021
184	33	0.6953090239
184	39	0.9734125823
184	42	0.8255751644
184	50	0.2837411850
184	83	0.1897718917
184	84	0.6248758782
184	86	0.8274703951
184	91	0.1909070787
184	108	0.0712513317
184	154	0.7567139968
184	163	0.2230737629
